#U ADC
# eta   phi   dep   det   cap1   cap2   cap3   cap4   HcalDetId
1   12   1   HB   3.762   3.442   3.989   3.615   4200608c
1   15   1   HB   4.188   3.925   4.484   4.387   4200608f
2   12   1   HB   2.411   2.348   2.676   2.338   4200610c
2   15   1   HB   4.412   4.055   4.531   3.961   4200610f
3   12   1   HB   3.325   3.339   3.624   3.528   4200618c
3   15   1   HB   3.614   3.624   3.844   3.483   4200618f
4   12   1   HB   2.083   2.282   2.488   2.363   4200620c
4   15   1   HB   4.457   4.642   4.095   4.531   4200620f
5   12   1   HB   3.264   3.431   3.57   3.025   4200628c
5   15   1   HB   3.56   4.073   3.918   4.417   4200628f
6   12   1   HB   1.93   2.138   2.122   2.095   4200630c
6   13   1   HB   9.63   10   9.679   9.338   4200630d
6   14   1   HB   8.785   8.917   8.958   9.289   4200630e
6   15   1   HB   4.179   3.999   3.907   4.318   4200630f
6   23   1   HB   10.41   10.05   10.31   9.903   42006317
6   24   1   HB   8.912   9.285   9.253   8.963   42006318
6   33   1   HB   9.67   9.413   9.674   9.671   42006321
6   34   1   HB   8.435   8.888   9.114   8.89   42006322
6   43   1   HB   9.106   9.173   9.271   9.22   4200632b
6   44   1   HB   9.865   10.2   9.959   10.15   4200632c
7   12   1   HB   3.113   3.333   3.28   3.36   4200638c
7   13   1   HB   10.28   10.78   10.73   10.54   4200638d
7   14   1   HB   9.602   9.693   10.04   10.1   4200638e
7   15   1   HB   4.809   5.002   4.751   5.001   4200638f
7   23   1   HB   10.83   10.98   11.2   10.9   42006397
7   24   1   HB   9.532   9.519   9.482   9.593   42006398
7   33   1   HB   10.84   12.13   10.27   12.83   420063a1
7   34   1   HB   8.783   8.671   8.953   8.911   420063a2
7   43   1   HB   10.12   10.62   9.862   10.77   420063ab
7   44   1   HB   9.869   9.595   9.476   9.427   420063ac
8   12   1   HB   2.571   1.891   2.442   2.073   4200640c
8   13   1   HB   10.63   10.9   10.75   10.75   4200640d
8   14   1   HB   9.454   9.321   9.469   9.348   4200640e
8   15   1   HB   4.688   4.619   4.717   4.885   4200640f
8   23   1   HB   9.066   10.29   8.558   10.35   42006417
8   24   1   HB   9.827   9.396   9.701   9.642   42006418
8   33   1   HB   9.288   11.38   8.359   12.33   42006421
8   34   1   HB   9.552   10.21   9.803   9.97   42006422
8   43   1   HB   9.669   11.06   9.266   12.44   4200642b
8   44   1   HB   9.01   9.449   9.428   9.318   4200642c
9   12   1   HB   3.309   3.446   3.474   3.652   4200648c
9   13   1   HB   11.18   10.96   10.45   11.29   4200648d
9   14   1   HB   9.33   9.536   10.48   10.12   4200648e
9   15   1   HB   4.479   4.421   4.709   4.737   4200648f
9   23   1   HB   10.33   10.83   10.15   11.28   42006497
9   24   1   HB   9.054   9.202   8.987   9.186   42006498
9   33   1   HB   10.66   11.32   10.59   11.73   420064a1
9   34   1   HB   9.804   10.33   10.5   9.976   420064a2
9   43   1   HB   9.77   9.84   9.319   9.497   420064ab
9   44   1   HB   9.364   8.996   9.69   9.421   420064ac
10   12   1   HB   1.483   2.688   2.431   2.259   4200650c
10   15   1   HB   4.18   4.065   4.129   4.131   4200650f
11   12   1   HB   3.112   3.603   3.842   3.477   4200658c
11   15   1   HB   4.171   4.758   4.465   5.041   4200658f
12   12   1   HB   2.357   2.54   2.332   2.518   4200660c
12   15   1   HB   4.28   4.315   4.314   4.369   4200660f
13   12   1   HB   3.552   3.764   3.719   3.623   4200668c
13   15   1   HB   3.964   3.742   4.017   3.688   4200668f
14   12   1   HB   2.886   2.926   3.15   2.256   4200670c
14   15   1   HB   4.224   3.923   4.366   4.051   4200670f
15   12   1   HB   2.492   2.495   2.715   2.406   4200678c
15   15   1   HB   4.745   5.025   5.049   5.273   4200678f
16   12   1   HB   2.205   2.162   2.421   2.327   4200680c
16   15   1   HB   4.514   4.148   4.649   4.46   4200680f
15   12   2   HB   4.073   3.104   4.019   3.26   4200a78c
15   15   2   HB   4.431   4.166   4.461   4.398   4200a78f
16   12   2   HB   3.087   3.716   3.579   4.268   4200a80c
16   15   2   HB   3.753   4.092   3.9   3.734   4200a80f
1   3   4   HO   5.436   5.465   5.533   5.461   46012083
1   4   4   HO   3.522   3.453   3.779   3.537   46012084
1   5   4   HO   3.263   3.586   3.686   3.233   46012085
1   6   4   HO   2.341   2.14   2.235   2.065   46012086
2   3   4   HO   5.755   6.124   5.941   6.02   46012103
2   4   4   HO   5.545   5.827   5.9   6.061   46012104
2   5   4   HO   2.92   2.907   3.02   3.15   46012105
2   6   4   HO   2.397   2.558   2.674   2.584   46012106
3   3   4   HO   0   0   0   0   46012183
3   4   4   HO   2.072   1.991   2.45   2.274   46012184
3   5   4   HO   3.078   3.249   3.135   3.497   46012185
4   3   4   HO   2.294   2.439   2.353   2.376   46012203
4   4   4   HO   3.675   3.793   3.995   3.956   46012204
4   5   4   HO   3.746   3.611   3.697   3.923   46012205
4   6   4   HO   4.439   4.326   4.274   4.323   46012206
5   2   4   HO   10.92   10.81   10.69   11   46012282
5   3   4   HO   10.76   10.53   10.58   10.8   46012283
5   4   4   HO   10.19   10.05   10.33   10.11   46012284
6   2   4   HO   10.26   10.29   10.22   10.32   46012302
6   3   4   HO   10.35   10.62   10.6   10.68   46012303
6   4   4   HO   10.51   10.6   10.6   10.73   46012304
7   2   4   HO   10.68   10.71   10.62   10.84   46012382
7   3   4   HO   10.33   10.55   10.28   10.45   46012383
7   4   4   HO   10.77   10.77   10.71   10.7   46012384
8   2   4   HO   10.71   10.57   10.26   10.7   46012402
8   3   4   HO   10.68   10.26   10.73   10.41   46012403
8   4   4   HO   9.893   10.06   9.937   9.83   46012404
9   2   4   HO   10.22   10.18   9.856   10.28   46012482
9   3   4   HO   10.67   10.5   10.57   10.68   46012483
9   4   4   HO   10.35   10.4   10.47   10.43   46012484
10   2   4   HO   10.47   10.59   10.4   10.72   46012502
10   3   4   HO   10.45   10.34   10.5   10.44   46012503
10   4   4   HO   10.65   10.97   10.83   10.89   46012504
31   1   1   HF   10.98   11.52   13.04   11.14   48006f81
31   3   1   HF   10.84   10.41   10.38   10.71   48006f83
31   5   1   HF   11.68   11.19   12.31   11.52   48006f85
31   7   1   HF   11.19   10.67   12.25   11.32   48006f87
31   9   1   HF   10.61   9.886   11.77   10.71   48006f89
31   11   1   HF   12.61   11.7   11.24   11.4   48006f8b
31   13   1   HF   12.11   12.19   13.14   11.82   48006f8d
31   15   1   HF   11.67   10.07   10.2   11.66   48006f8f
31   17   1   HF   10.48   11.48   10.73   10.11   48006f91
31   19   1   HF   9.898   10.89   9.996   10.5   48006f93
31   21   1   HF   10.49   11.2   9.741   11.02   48006f95
31   23   1   HF   10.52   9.857   10.38   10.97   48006f97
31   25   1   HF   10.1   12.07   12.18   11.99   48006f99
31   27   1   HF   1.176   1.176   1.176   1.176   48006f9b
31   29   1   HF   10.78   10.76   11.51   12.11   48006f9d
31   31   1   HF   11.62   11.58   10.15   11.31   48006f9f
31   33   1   HF   11   12.5   11.51   11.05   48006fa1
31   35   1   HF   11.47   11.97   12   10.68   48006fa3
31   37   1   HF   10.91   10.21   11.71   11.67   48006fa5
31   39   1   HF   9.716   9.336   10.88   9.566   48006fa7
31   41   1   HF   11.77   11.61   11.93   12.73   48006fa9
31   43   1   HF   10.26   10.71   10.63   11.62   48006fab
31   45   1   HF   10.84   10.69   13.16   12.14   48006fad
31   47   1   HF   10.99   11.76   12.68   11.23   48006faf
33   1   1   HF   11.23   13.22   11.61   12.31   48007081
33   3   1   HF   13.69   11.69   11.88   12.91   48007083
33   5   1   HF   11.53   10.17   11.53   11.45   48007085
