#U ADC
# eta   phi   dep   det   cap1   cap2   cap3   cap4   HcalDetId
1   12   1   HB   3.731   3.518   3.958   3.638   4200608c
1   13   1   HB   3.259   3.538   3.641   3.462   4200608d
1   14   1   HB   3.256   2.969   3.478   3.372   4200608e
1   15   1   HB   4.187   3.943   4.473   4.423   4200608f
2   12   1   HB   2.383   2.323   2.616   2.33   4200610c
2   13   1   HB   3.505   2.946   3.784   2.933   4200610d
2   14   1   HB   3.82   3.794   3.845   3.691   4200610e
2   15   1   HB   4.428   4.04   4.567   3.971   4200610f
3   12   1   HB   3.272   3.337   3.614   3.527   4200618c
3   13   1   HB   3.281   3.342   3.771   2.902   4200618d
3   14   1   HB   3.274   3.282   3.19   3.474   4200618e
3   15   1   HB   3.605   3.614   3.815   3.461   4200618f
4   12   1   HB   1.945   2.338   2.291   2.536   4200620c
4   13   1   HB   3.493   3.721   4.138   3.176   4200620d
4   14   1   HB   3.205   3.429   3.337   3.501   4200620e
4   15   1   HB   4.5   4.622   4.084   4.502   4200620f
5   12   1   HB   3.204   3.49   3.475   3.139   4200628c
5   13   1   HB   3.199   3.573   3.172   3.454   4200628d
5   14   1   HB   3.497   3.59   3.356   3.663   4200628e
5   15   1   HB   3.552   4.045   3.925   4.399   4200628f
6   12   1   HB   1.963   2.083   2.083   2.015   4200630c
6   13   1   HB   3.48   3.572   3.447   3.537   4200630d
6   14   1   HB   3.379   3.35   3.242   3.145   4200630e
6   15   1   HB   4.204   3.982   3.938   4.311   4200630f
7   12   1   HB   3.109   3.348   3.286   3.349   4200638c
7   13   1   HB   2.87   3.417   3.177   3.734   4200638d
7   14   1   HB   3.206   3.693   3.499   3.486   4200638e
7   15   1   HB   4.806   5.008   4.748   4.997   4200638f
8   12   1   HB   2.445   1.899   2.291   2.216   4200640c
8   13   1   HB   3.321   2.997   3.167   3.515   4200640d
8   14   1   HB   3.827   3.761   3.807   3.78   4200640e
8   15   1   HB   4.701   4.638   4.708   4.883   4200640f
9   12   1   HB   3.264   3.403   3.466   3.699   4200648c
9   13   1   HB   3.319   3.223   3.052   3.184   4200648d
9   14   1   HB   2.807   3.025   2.897   3.08   4200648e
9   15   1   HB   4.452   4.426   4.697   4.741   4200648f
10   12   1   HB   1.403   2.685   2.228   2.355   4200650c
10   13   1   HB   3.357   3.724   3.588   4.004   4200650d
10   14   1   HB   3.162   3.266   3.356   3.149   4200650e
10   15   1   HB   4.187   4.127   4.082   4.164   4200650f
11   12   1   HB   2.975   3.615   3.619   3.804   4200658c
11   13   1   HB   3.35   3.512   3.614   3.668   4200658d
11   14   1   HB   3.794   3.838   3.535   3.966   4200658e
11   15   1   HB   4.155   4.769   4.496   5.042   4200658f
12   12   1   HB   2.284   2.512   2.237   2.511   4200660c
12   13   1   HB   3.325   3.223   3.009   3.186   4200660d
12   14   1   HB   3.144   3.153   3.49   3.708   4200660e
12   15   1   HB   4.278   4.332   4.327   4.346   4200660f
13   12   1   HB   3.528   3.812   3.704   3.655   4200668c
13   13   1   HB   3.402   3.415   3.732   3.67   4200668d
13   14   1   HB   3.179   3.639   3.557   3.227   4200668e
13   15   1   HB   3.976   3.732   4.019   3.678   4200668f
14   12   1   HB   2.747   2.904   2.98   2.442   4200670c
14   13   1   HB   3.174   3.442   3.658   3.592   4200670d
14   14   1   HB   3.857   4.182   3.937   4.029   4200670e
14   15   1   HB   4.213   3.93   4.336   4.025   4200670f
15   12   1   HB   2.431   2.463   2.64   2.411   4200678c
15   13   1   HB   3.183   3.168   3.158   3.334   4200678d
15   14   1   HB   2.985   3.158   3.115   3.009   4200678e
15   15   1   HB   4.716   5.047   5.01   5.265   4200678f
16   12   1   HB   2.037   2.197   2.132   2.672   4200680c
16   13   1   HB   3.126   3.463   3.346   3.349   4200680d
16   14   1   HB   3.674   3.472   3.609   3.741   4200680e
16   15   1   HB   4.506   4.124   4.623   4.491   4200680f
15   12   2   HB   4.067   3.09   4.001   3.294   4200a78c
15   13   2   HB   3.004   3.141   3.329   3.753   4200a78d
15   14   2   HB   4.059   3.488   3.79   3.314   4200a78e
15   15   2   HB   4.401   4.21   4.421   4.407   4200a78f
16   12   2   HB   2.982   3.832   3.321   4.545   4200a80c
16   13   2   HB   3.421   3.429   3.365   3.523   4200a80d
16   14   2   HB   3.163   3.354   3.506   3.097   4200a80e
16   15   2   HB   3.743   4.07   3.862   3.721   4200a80f
1   3   4   HO   10.52   10.52   10.42   10.59   46012083
1   4   4   HO   10.7   11.16   11.07   11.22   46012084
1   5   4   HO   10.82   10.49   11.06   10.5   46012085
1   6   4   HO   10.86   11.05   11.16   11.18   46012086
2   3   4   HO   10.75   10.76   10.89   10.98   46012103
2   4   4   HO   10.44   10.47   10.79   10.2   46012104
2   5   4   HO   10.52   10.49   10.49   10.52   46012105
2   6   4   HO   10.36   10.64   10.24   10.45   46012106
3   3   4   HO   10.17   10.02   10.17   9.819   46012183
3   4   4   HO   11.01   10.61   10.95   10.63   46012184
3   5   4   HO   10.95   10.43   10.92   10.66   46012185
3   6   4   HO   10.44   10.57   10.56   10.37   46012186
4   3   4   HO   10.3   10.21   10.12   10.1   46012203
4   4   4   HO   10.91   10.46   10.71   10.49   46012204
4   5   4   HO   10.87   10.34   10.83   10.3   46012205
4   6   4   HO   11.22   10.89   10.92   10.61   46012206
5   2   4   HO   11.02   10.9   10.88   11.03   46012282
5   3   4   HO   10.95   10.67   10.72   10.94   46012283
5   4   4   HO   10.18   10.05   10.35   10.11   46012284
6   2   4   HO   10.36   10.39   10.28   10.43   46012302
6   3   4   HO   10.5   10.68   10.7   10.77   46012303
6   4   4   HO   10.67   10.71   10.69   10.8   46012304
7   2   4   HO   10.79   10.89   10.82   11.01   46012382
7   3   4   HO   10.45   10.71   10.4   10.63   46012383
7   4   4   HO   11.17   10.94   10.83   10.83   46012384
8   2   4   HO   10.75   10.62   10.22   11.02   46012402
8   3   4   HO   10.84   10.27   10.87   10.45   46012403
8   4   4   HO   9.896   10.05   9.899   9.855   46012404
9   2   4   HO   10.27   10.21   9.865   10.32   46012482
9   3   4   HO   10.85   10.65   10.69   10.87   46012483
9   4   4   HO   10.45   10.47   10.6   10.56   46012484
10   2   4   HO   10.47   10.65   10.41   10.85   46012502
10   3   4   HO   10.5   10.36   10.56   10.51   46012503
10   4   4   HO   10.76   11.03   10.98   11.11   46012504
31   1   1   HF   4.502   4.532   4.762   4.52   48006f81
31   3   1   HF   4.318   4.138   4.155   4.357   48006f83
31   5   1   HF   4.656   4.477   4.471   4.569   48006f85
31   7   1   HF   4.499   4.29   4.466   4.696   48006f87
31   9   1   HF   4.259   4.322   4.618   4.268   48006f89
31   11   1   HF   4.494   4.269   4.304   4.58   48006f8b
31   13   1   HF   4.319   4.393   4.307   4.455   48006f8d
31   15   1   HF   4.399   4.103   4.101   4.6   48006f8f
31   17   1   HF   4.052   4.291   4.099   3.998   48006f91
31   19   1   HF   3.928   4.228   4.008   4.192   48006f93
31   21   1   HF   4.244   4.5   3.922   4.479   48006f95
31   23   1   HF   4.195   3.94   4.262   4.359   48006f97
31   25   1   HF   4.374   4.69   4.606   4.705   48006f99
31   27   1   HF   0.5102   0.8211   0.7615   0.8631   48006f9b
31   29   1   HF   4.279   4.3   4.366   4.453   48006f9d
31   31   1   HF   4.394   4.588   4.346   4.516   48006f9f
31   33   1   HF   4.479   4.382   4.354   4.404   48006fa1
31   35   1   HF   4.454   4.746   4.774   4.266   48006fa3
31   37   1   HF   4.513   4.175   4.457   4.479   48006fa5
31   39   1   HF   4.054   3.858   4.211   3.893   48006fa7
31   41   1   HF   4.71   4.591   4.757   4.883   48006fa9
31   43   1   HF   4.079   4.108   4.26   4.343   48006fab
31   45   1   HF   4.381   4.273   4.82   4.489   48006fad
31   47   1   HF   4.502   4.681   4.717   4.563   48006faf
33   1   1   HF   4.533   4.524   4.638   4.846   48007081
33   3   1   HF   4.833   4.425   4.559   4.822   48007083
33   5   1   HF   4.827   4.53   4.962   4.723   48007085
