#U ADC
# eta   phi   dep   det   cap1   cap2   cap3   cap4   HcalDetId
1   12   1   HB   3.72   3.544   4.011   3.608   4200608c
1   15   1   HB   4.148   3.954   4.444   4.425   4200608f
2   12   1   HB   2.449   2.367   2.725   2.352   4200610c
2   15   1   HB   4.421   4.037   4.553   4.011   4200610f
3   12   1   HB   3.312   3.358   3.579   3.52   4200618c
3   15   1   HB   3.588   3.628   3.856   3.446   4200618f
4   12   1   HB   1.938   2.404   2.299   2.555   4200620c
4   15   1   HB   4.492   4.583   4.097   4.536   4200620f
5   12   1   HB   3.206   3.498   3.469   3.118   4200628c
5   15   1   HB   3.546   4.032   3.943   4.381   4200628f
6   12   1   HB   2.045   2.156   2.176   2.099   4200630c
6   13   1   HB   11.16   11.03   11.14   11.24   4200630d
6   14   1   HB   8.758   8.95   8.841   9.165   4200630e
6   15   1   HB   4.23   4.015   3.923   4.321   4200630f
6   23   1   HB   9.144   8.601   9.43   9.242   42006317
6   24   1   HB   8.908   9.125   9.087   8.97   42006318
6   33   1   HB   9.143   9.373   9.232   9.099   42006321
6   34   1   HB   8.675   8.895   8.915   9.031   42006322
6   43   1   HB   9.445   9.572   9.375   9.68   4200632b
6   44   1   HB   9.758   10.19   10.11   10.29   4200632c
7   12   1   HB   3.1   3.342   3.297   3.362   4200638c
7   13   1   HB   10.42   10.44   10.2   10.36   4200638d
7   14   1   HB   9.715   9.838   10.02   10.15   4200638e
7   15   1   HB   4.813   5.006   4.754   4.993   4200638f
7   23   1   HB   9.056   9.111   9.277   9.669   42006397
7   24   1   HB   9.599   9.553   9.61   9.619   42006398
7   33   1   HB   10.44   10.58   10.72   10.7   420063a1
7   34   1   HB   8.752   8.606   8.859   8.803   420063a2
7   43   1   HB   9.273   9.531   9.501   9.353   420063ab
7   44   1   HB   9.664   9.561   9.514   9.466   420063ac
8   12   1   HB   2.51   1.948   2.391   2.28   4200640c
8   13   1   HB   10.96   11.38   10.91   11.18   4200640d
8   14   1   HB   9.386   9.358   9.369   9.595   4200640e
8   15   1   HB   4.7   4.64   4.717   4.926   4200640f
8   23   1   HB   9.066   9.15   9.323   9.584   42006417
8   24   1   HB   9.933   9.435   9.803   9.642   42006418
8   33   1   HB   8.103   8.432   7.953   8.479   42006421
8   34   1   HB   9.5   9.918   9.849   9.914   42006422
8   43   1   HB   11.33   11.27   11.4   11.54   4200642b
8   44   1   HB   9.159   9.551   9.316   9.217   4200642c
9   12   1   HB   3.255   3.422   3.481   3.708   4200648c
9   13   1   HB   10.86   9.607   11.95   9.015   4200648d
9   14   1   HB   9.322   9.329   10.43   10.2   4200648e
9   15   1   HB   4.49   4.41   4.693   4.714   4200648f
9   23   1   HB   10.39   10.67   10.78   10.76   42006497
9   24   1   HB   8.871   9.293   8.937   9.245   42006498
9   33   1   HB   10.26   10.06   10.58   10.21   420064a1
9   43   1   HB   8.869   9.254   9.183   9.136   420064ab
9   44   1   HB   9.512   9.084   9.504   9.353   420064ac
10   12   1   HB   1.442   2.808   2.211   2.419   4200650c
10   15   1   HB   4.18   4.099   4.09   4.181   4200650f
11   12   1   HB   2.941   3.629   3.624   3.843   4200658c
11   15   1   HB   4.132   4.808   4.439   5.038   4200658f
12   12   1   HB   2.357   2.582   2.309   2.573   4200660c
12   15   1   HB   4.278   4.341   4.259   4.399   4200660f
13   12   1   HB   3.537   3.833   3.726   3.605   4200668c
13   15   1   HB   3.991   3.754   3.961   3.689   4200668f
14   12   1   HB   2.846   2.946   3.058   2.47   4200670c
14   15   1   HB   4.218   3.917   4.391   4.001   4200670f
15   12   1   HB   2.471   2.477   2.699   2.436   4200678c
15   15   1   HB   4.737   5.069   5.065   5.246   4200678f
16   12   1   HB   2.054   2.258   2.2   2.677   4200680c
16   15   1   HB   4.532   4.097   4.683   4.464   4200680f
15   12   2   HB   4.077   3.127   4.023   3.228   4200a78c
15   15   2   HB   4.344   4.177   4.52   4.412   4200a78f
16   12   2   HB   2.996   3.797   3.33   4.576   4200a80c
16   15   2   HB   3.741   4.032   3.946   3.726   4200a80f
1   3   4   HO   3.213   3.466   3.552   3.564   46012083
1   4   4   HO   3.712   3.83   3.995   3.97   46012084
1   5   4   HO   2.425   2.454   2.279   2.402   46012085
1   6   4   HO   4.435   4.365   4.283   4.355   46012086
2   3   4   HO   3.664   4.424   4.418   4.398   46012103
2   4   4   HO   0   0   0   0   46012104
2   5   4   HO   4.254   4.017   3.989   4.092   46012105
2   6   4   HO   3.067   3.246   3.19   3.55   46012106
3   3   4   HO   5.402   5.512   5.559   5.457   46012183
3   4   4   HO   5.751   6.159   5.932   6.002   46012184
3   5   4   HO   3.299   3.598   3.714   3.257   46012185
3   6   4   HO   2.917   2.918   3.03   3.149   46012186
4   3   4   HO   2.094   1.999   2.433   2.26   46012203
4   4   4   HO   3.562   3.435   3.783   3.566   46012204
4   5   4   HO   3.257   2.856   3.229   2.909   46012205
4   6   4   HO   2.377   2.214   2.241   2.12   46012206
5   2   4   HO   11.29   11.15   11.18   11.3   46012282
5   3   4   HO   11.39   11.11   11.18   11.34   46012283
5   4   4   HO   10.6   10.43   10.68   10.53   46012284
6   2   4   HO   10.65   10.66   10.59   10.72   46012302
6   3   4   HO   10.78   10.98   10.93   11.1   46012303
6   4   4   HO   10.97   10.96   11.04   11.14   46012304
7   2   4   HO   11.16   11.26   11.21   11.42   46012382
7   3   4   HO   10.91   11.23   10.89   11.1   46012383
7   4   4   HO   11.44   11.19   11.12   11.1   46012384
8   2   4   HO   11.11   10.93   10.58   11.13   46012402
8   3   4   HO   11.36   10.86   11.47   11.04   46012403
8   4   4   HO   10.18   10.33   10.23   10.17   46012404
9   2   4   HO   10.62   10.59   10.26   10.7   46012482
9   3   4   HO   11.26   11.03   11.11   11.27   46012483
9   4   4   HO   10.84   10.83   10.88   10.91   46012484
10   2   4   HO   10.9   11.07   10.84   11.27   46012502
10   3   4   HO   11.01   10.85   10.98   11.01   46012503
10   4   4   HO   10.98   11.29   11.26   11.39   46012504
31   1   1   HF   4.476   4.527   4.803   4.506   48006f81
31   3   1   HF   4.334   4.197   4.14   4.352   48006f83
31   5   1   HF   4.659   4.443   4.461   4.581   48006f85
31   7   1   HF   4.515   4.275   4.455   4.723   48006f87
31   9   1   HF   4.274   4.298   4.605   4.316   48006f89
31   11   1   HF   4.495   4.26   4.323   4.619   48006f8b
31   13   1   HF   4.319   4.438   4.32   4.399   48006f8d
31   15   1   HF   4.439   4.157   4.094   4.572   48006f8f
31   17   1   HF   4.045   4.331   4.092   3.98   48006f91
31   19   1   HF   3.917   4.272   4.012   4.177   48006f93
31   21   1   HF   4.27   4.487   3.937   4.499   48006f95
31   23   1   HF   4.172   3.931   4.307   4.348   48006f97
31   25   1   HF   4.369   4.708   4.624   4.678   48006f99
31   27   1   HF   0.4881   0.8026   0.847   0.8446   48006f9b
31   29   1   HF   4.256   4.286   4.377   4.414   48006f9d
31   31   1   HF   4.4   4.561   4.326   4.54   48006f9f
31   33   1   HF   4.499   4.384   4.343   4.388   48006fa1
31   35   1   HF   4.456   4.742   4.762   4.278   48006fa3
31   37   1   HF   4.554   4.176   4.409   4.47   48006fa5
31   39   1   HF   3.999   3.862   4.303   3.879   48006fa7
31   41   1   HF   4.695   4.587   4.786   4.871   48006fa9
31   43   1   HF   4.063   4.103   4.275   4.369   48006fab
31   45   1   HF   4.332   4.277   4.797   4.472   48006fad
31   47   1   HF   4.49   4.714   4.757   4.534   48006faf
33   1   1   HF   4.518   4.417   4.678   4.762   48007081
33   3   1   HF   4.893   4.374   4.603   4.78   48007083
33   5   1   HF   4.812   4.495   4.959   4.725   48007085
