#U ADC
# eta   phi   dep   det   cap1   cap2   cap3   cap4   HcalDetId
1   12   1   HB   3.742   3.506   3.981   3.655   4200608c
1   13   1   HB   3.124   3.602   3.687   3.511   4200608d
1   15   1   HB   4.198   3.944   4.452   4.428   4200608f
2   12   1   HB   2.581   2.477   2.78   2.426   4200610c
2   13   1   HB   3.37   3.048   3.706   3.017   4200610d
2   15   1   HB   4.399   4.065   4.545   3.981   4200610f
3   12   1   HB   3.28   3.385   3.592   3.464   4200618c
3   13   1   HB   3.12   3.408   3.773   3.041   4200618d
3   15   1   HB   3.635   3.578   3.83   3.45   4200618f
4   12   1   HB   2.088   2.492   2.433   2.535   4200620c
4   13   1   HB   3.447   3.719   3.999   3.315   4200620d
4   15   1   HB   4.49   4.659   4.057   4.484   4200620f
5   12   1   HB   3.267   3.501   3.449   3.109   4200628c
5   13   1   HB   3.105   3.617   3.213   3.476   4200628d
5   15   1   HB   3.54   4.068   3.952   4.403   4200628f
6   12   1   HB   2.152   2.257   2.311   2.16   4200630c
6   13   1   HB   3.439   3.602   3.495   3.551   4200630d
6   14   1   HB   8.777   8.914   8.968   9.215   4200630e
6   15   1   HB   4.178   3.998   3.898   4.319   4200630f
6   24   1   HB   8.917   9.114   9.158   9.01   42006318
6   34   1   HB   8.552   8.856   9.125   8.902   42006322
6   44   1   HB   10.24   10.32   10.13   10.25   4200632c
7   12   1   HB   3.101   3.376   3.289   3.341   4200638c
7   13   1   HB   2.862   3.327   3.316   3.683   4200638d
7   14   1   HB   9.637   9.827   9.98   10.1   4200638e
7   15   1   HB   4.836   5.016   4.724   5.012   4200638f
7   24   1   HB   9.572   9.483   9.461   9.644   42006398
7   34   1   HB   8.566   8.589   8.905   8.75   420063a2
7   44   1   HB   9.879   9.65   9.484   9.338   420063ac
8   12   1   HB   2.614   2.03   2.385   2.318   4200640c
8   13   1   HB   3.261   3.155   3.116   3.493   4200640d
8   14   1   HB   9.36   9.495   9.266   9.53   4200640e
8   15   1   HB   4.686   4.669   4.712   4.898   4200640f
8   24   1   HB   9.913   9.52   9.956   9.447   42006418
8   34   1   HB   9.405   10.07   9.822   9.984   42006422
8   44   1   HB   9.103   9.492   9.304   9.324   4200642c
9   12   1   HB   3.291   3.418   3.486   3.72   4200648c
9   13   1   HB   3.271   3.222   3.043   3.165   4200648d
9   14   1   HB   9.077   9.453   10.34   10.17   4200648e
9   15   1   HB   4.497   4.413   4.675   4.756   4200648f
9   24   1   HB   8.772   9.372   8.895   9.324   42006498
9   34   1   HB   9.595   9.983   10.4   9.784   420064a2
9   44   1   HB   9.417   9.21   9.464   9.491   420064ac
10   12   1   HB   1.615   2.825   2.396   2.492   4200650c
10   13   1   HB   3.566   3.576   3.476   3.948   4200650d
10   15   1   HB   4.15   4.134   4.076   4.155   4200650f
11   12   1   HB   2.962   3.629   3.643   3.781   4200658c
11   13   1   HB   3.293   3.485   3.589   3.737   4200658d
11   15   1   HB   4.132   4.79   4.452   5.072   4200658f
12   12   1   HB   2.437   2.61   2.341   2.631   4200660c
12   13   1   HB   2.957   3.181   3.189   3.403   4200660d
12   15   1   HB   4.288   4.36   4.306   4.335   4200660f
13   12   1   HB   3.56   3.849   3.687   3.671   4200668c
13   13   1   HB   3.272   3.49   3.708   3.745   4200668d
13   15   1   HB   4.005   3.728   4.003   3.651   4200668f
14   12   1   HB   2.879   3.132   3.092   2.688   4200670c
14   13   1   HB   3.203   3.419   3.605   3.595   4200670d
14   15   1   HB   4.197   3.893   4.377   4.03   4200670f
15   12   1   HB   2.536   2.599   2.759   2.521   4200678c
15   13   1   HB   3.183   3.146   3.156   3.419   4200678d
15   15   1   HB   4.739   5.015   5.017   5.249   4200678f
16   12   1   HB   2.192   2.219   2.26   2.696   4200680c
16   13   1   HB   3.159   3.479   3.364   3.349   4200680d
16   15   1   HB   4.483   4.086   4.681   4.477   4200680f
15   12   2   HB   4.011   3.102   4.01   3.3   4200a78c
15   13   2   HB   3.034   3.149   3.316   3.733   4200a78d
15   15   2   HB   4.402   4.225   4.441   4.477   4200a78f
16   12   2   HB   3.035   3.778   3.294   4.459   4200a80c
16   13   2   HB   3.313   3.45   3.49   3.569   4200a80d
16   15   2   HB   3.689   4.085   3.901   3.736   4200a80f
1   3   4   HO   10.46   10.48   10.37   10.62   46012083
1   4   4   HO   10.63   11.02   10.88   11.15   46012084
1   5   4   HO   10.76   10.46   10.75   10.47   46012085
1   6   4   HO   10.8   10.74   10.77   11.48   46012086
2   3   4   HO   10.72   10.76   10.81   10.91   46012103
2   4   4   HO   10.41   10.45   10.7   10.22   46012104
2   5   4   HO   10.52   10.48   10.48   10.5   46012105
2   6   4   HO   10.38   10.59   10.2   10.37   46012106
3   3   4   HO   10.12   9.963   10.14   9.727   46012183
3   4   4   HO   11.02   10.55   10.95   10.62   46012184
3   5   4   HO   10.87   10.43   10.85   10.7   46012185
3   6   4   HO   10.43   10.52   10.51   10.34   46012186
4   3   4   HO   10.25   10.15   10.07   10.06   46012203
4   4   4   HO   10.88   10.42   10.7   10.45   46012204
4   5   4   HO   10.81   10.3   10.85   10.26   46012205
4   6   4   HO   11.2   10.9   11.03   10.6   46012206
5   2   4   HO   10.71   10.61   10.59   10.76   46012282
5   3   4   HO   10.66   10.37   10.39   10.59   46012283
5   4   4   HO   9.997   9.899   10.16   9.953   46012284
6   2   4   HO   10.09   10.07   10   10.14   46012302
6   3   4   HO   10.19   10.44   10.44   10.5   46012303
6   4   4   HO   10.45   10.47   10.5   10.49   46012304
7   2   4   HO   10.5   10.58   10.54   10.68   46012382
7   3   4   HO   10.14   10.37   10.13   10.28   46012383
7   4   4   HO   10.83   10.73   10.59   10.61   46012384
8   2   4   HO   10.54   10.41   10.07   10.53   46012402
8   3   4   HO   10.53   10   10.52   10.2   46012403
8   4   4   HO   9.678   9.859   9.726   9.592   46012404
9   2   4   HO   10.09   10.01   9.656   10.09   46012482
9   3   4   HO   10.55   10.32   10.4   10.56   46012483
9   4   4   HO   10.2   10.29   10.32   10.28   46012484
10   2   4   HO   10.27   10.4   10.18   10.59   46012502
10   3   4   HO   10.26   10.15   10.3   10.21   46012503
10   4   4   HO   10.56   10.79   10.77   10.87   46012504
31   1   1   HF   10.97   11.31   12.63   11.27   48006f81
31   3   1   HF   11.15   10.14   10.29   12.23   48006f83
31   5   1   HF   12.31   11.24   11.55   11.33   48006f85
31   7   1   HF   11.12   10.45   11.47   11.84   48006f87
31   9   1   HF   11.06   10.49   11.57   10.59   48006f89
31   11   1   HF   12.35   10.76   11.01   11.18   48006f8b
31   13   1   HF   11.87   11.73   10.84   11.89   48006f8d
31   15   1   HF   11.16   10.01   10.22   11.44   48006f8f
31   17   1   HF   10.08   10.41   10.7   9.932   48006f91
31   19   1   HF   9.637   11.1   9.736   10.25   48006f93
31   21   1   HF   10.16   11.52   9.151   10.49   48006f95
31   23   1   HF   10.09   10.31   10.86   11.11   48006f97
31   25   1   HF   11.02   12.13   11.29   11.8   48006f99
31   27   1   HF   9.939   9.605   11.21   9.527   48006f9b
31   29   1   HF   12.38   11.46   11.76   12.96   48006f9d
31   31   1   HF   10.34   10.58   10.36   11.12   48006f9f
31   33   1   HF   1.176   1.176   1.176   1.176   48006fa1
31   35   1   HF   10.92   11.35   11.75   11.42   48006fa3
31   37   1   HF   11.15   11.8   10.88   11.19   48006fa5
31   39   1   HF   10.57   12.33   11.21   10.8   48006fa7
31   41   1   HF   11.99   11.75   12.41   10.72   48006fa9
31   43   1   HF   11.24   11.86   12   11.42   48006fab
31   45   1   HF   10.82   11.7   11.18   11.4   48006fad
31   47   1   HF   11.21   10.05   10.23   11.03   48006faf
33   1   1   HF   9.312   9.724   9.814   11.16   48007081
33   3   1   HF   10.17   10.17   11.07   10.17   48007083
33   5   1   HF   10.17   10.17   9.835   10.17   48007085
