#U ADC
#   eta  phi  dep  det  cap1  cap2   cap3   cap4      HcalDetId
       -10        2        1       HB 0.000 0.000 0.000 0.000 0000000A
        -6        2        1       HB 0.000 0.000 0.000 0.000 0000000A
        -2        2        1       HB 0.000 0.000 0.000 0.000 0000000A
       -12        2        1       HB 0.000 0.000 0.000 0.000 0000000A
        -8        2        1       HB 0.000 0.000 0.000 0.000 0000000A
        -4        2        1       HB 0.000 0.000 0.000 0.000 0000000A
       -11        2        1       HB 0.000 0.000 0.000 0.000 0000000A
        -7        2        1       HB 0.000 0.000 0.000 0.000 0000000A
        -3        2        1       HB 0.000 0.000 0.000 0.000 0000000A
        -9        2        1       HB 0.000 0.000 0.000 0.000 0000000A
        -5        2        1       HB 0.000 0.000 0.000 0.000 0000000A
        -1        2        1       HB 0.000 0.000 0.000 0.000 0000000A
       -10        1        1       HB 0.000 0.000 0.000 0.000 0000000A
        -6        1        1       HB 0.000 0.000 0.000 0.000 0000000A
        -2        1        1       HB 0.000 0.000 0.000 0.000 0000000A
       -12        1        1       HB 0.000 0.000 0.000 0.000 0000000A
        -8        1        1       HB 0.000 0.000 0.000 0.000 0000000A
        -4        1        1       HB 0.000 0.000 0.000 0.000 0000000A
       -11        1        1       HB 0.000 0.000 0.000 0.000 0000000A
        -7        1        1       HB 0.000 0.000 0.000 0.000 0000000A
        -3        1        1       HB 0.000 0.000 0.000 0.000 0000000A
        -9        1        1       HB 0.000 0.000 0.000 0.000 0000000A
        -5        1        1       HB 0.000 0.000 0.000 0.000 0000000A
        -1        1        1       HB 0.000 0.000 0.000 0.000 0000000A
       -10        6        1       HB 0.000 0.000 0.000 0.000 0000000A
        -6        6        1       HB 0.000 0.000 0.000 0.000 0000000A
        -2        6        1       HB 0.000 0.000 0.000 0.000 0000000A
       -12        6        1       HB 0.000 0.000 0.000 0.000 0000000A
        -8        6        1       HB 0.000 0.000 0.000 0.000 0000000A
        -4        6        1       HB 0.000 0.000 0.000 0.000 0000000A
       -11        6        1       HB 0.000 0.000 0.000 0.000 0000000A
        -7        6        1       HB 0.000 0.000 0.000 0.000 0000000A
        -3        6        1       HB 0.000 0.000 0.000 0.000 0000000A
        -9        6        1       HB 0.000 0.000 0.000 0.000 0000000A
        -5        6        1       HB 0.000 0.000 0.000 0.000 0000000A
        -1        6        1       HB 0.000 0.000 0.000 0.000 0000000A
       -10        5        1       HB 0.000 0.000 0.000 0.000 0000000A
        -6        5        1       HB 0.000 0.000 0.000 0.000 0000000A
        -2        5        1       HB 0.000 0.000 0.000 0.000 0000000A
       -12        5        1       HB 0.000 0.000 0.000 0.000 0000000A
        -8        5        1       HB 0.000 0.000 0.000 0.000 0000000A
        -4        5        1       HB 0.000 0.000 0.000 0.000 0000000A
       -11        5        1       HB 0.000 0.000 0.000 0.000 0000000A
        -7        5        1       HB 0.000 0.000 0.000 0.000 0000000A
        -3        5        1       HB 0.000 0.000 0.000 0.000 0000000A
        -9        5        1       HB 0.000 0.000 0.000 0.000 0000000A
        -5        5        1       HB 0.000 0.000 0.000 0.000 0000000A
        -1        5        1       HB 0.000 0.000 0.000 0.000 0000000A
       -10        4        1       HB 0.000 0.000 0.000 0.000 0000000A
        -6        4        1       HB 0.000 0.000 0.000 0.000 0000000A
        -2        4        1       HB 0.000 0.000 0.000 0.000 0000000A
       -12        4        1       HB 0.000 0.000 0.000 0.000 0000000A
        -8        4        1       HB 0.000 0.000 0.000 0.000 0000000A
        -4        4        1       HB 0.000 0.000 0.000 0.000 0000000A
       -11        4        1       HB 0.000 0.000 0.000 0.000 0000000A
        -7        4        1       HB 0.000 0.000 0.000 0.000 0000000A
        -3        4        1       HB 0.000 0.000 0.000 0.000 0000000A
        -9        4        1       HB 0.000 0.000 0.000 0.000 0000000A
        -5        4        1       HB 0.000 0.000 0.000 0.000 0000000A
        -1        4        1       HB 0.000 0.000 0.000 0.000 0000000A
       -10        3        1       HB 0.000 0.000 0.000 0.000 0000000A
        -6        3        1       HB 0.000 0.000 0.000 0.000 0000000A
        -2        3        1       HB 0.000 0.000 0.000 0.000 0000000A
       -12        3        1       HB 0.000 0.000 0.000 0.000 0000000A
        -8        3        1       HB 0.000 0.000 0.000 0.000 0000000A
        -4        3        1       HB 0.000 0.000 0.000 0.000 0000000A
       -11        3        1       HB 0.000 0.000 0.000 0.000 0000000A
        -7        3        1       HB 0.000 0.000 0.000 0.000 0000000A
        -3        3        1       HB 0.000 0.000 0.000 0.000 0000000A
        -9        3        1       HB 0.000 0.000 0.000 0.000 0000000A
        -5        3        1       HB 0.000 0.000 0.000 0.000 0000000A
        -1        3        1       HB 0.000 0.000 0.000 0.000 0000000A
        10        1        1       HB 0.000 0.000 0.000 0.000 0000000A
         6        1        1       HB 0.000 0.000 0.000 0.000 0000000A
         2        1        1       HB 0.000 0.000 0.000 0.000 0000000A
        12        1        1       HB 0.000 0.000 0.000 0.000 0000000A
         8        1        1       HB 0.000 0.000 0.000 0.000 0000000A
         4        1        1       HB 0.000 0.000 0.000 0.000 0000000A
        11        1        1       HB 0.000 0.000 0.000 0.000 0000000A
         7        1        1       HB 0.000 0.000 0.000 0.000 0000000A
         3        1        1       HB 0.000 0.000 0.000 0.000 0000000A
         9        1        1       HB 0.000 0.000 0.000 0.000 0000000A
         5        1        1       HB 0.000 0.000 0.000 0.000 0000000A
         1        1        1       HB 0.000 0.000 0.000 0.000 0000000A
        10        2        1       HB 0.000 0.000 0.000 0.000 0000000A
         6        2        1       HB 0.000 0.000 0.000 0.000 0000000A
         2        2        1       HB 0.000 0.000 0.000 0.000 0000000A
        12        2        1       HB 0.000 0.000 0.000 0.000 0000000A
         8        2        1       HB 0.000 0.000 0.000 0.000 0000000A
         4        2        1       HB 0.000 0.000 0.000 0.000 0000000A
        11        2        1       HB 0.000 0.000 0.000 0.000 0000000A
         7        2        1       HB 0.000 0.000 0.000 0.000 0000000A
         3        2        1       HB 0.000 0.000 0.000 0.000 0000000A
         9        2        1       HB 0.000 0.000 0.000 0.000 0000000A
         5        2        1       HB 0.000 0.000 0.000 0.000 0000000A
         1        2        1       HB 0.000 0.000 0.000 0.000 0000000A
        10        3        1       HB 0.000 0.000 0.000 0.000 0000000A
         6        3        1       HB 0.000 0.000 0.000 0.000 0000000A
         2        3        1       HB 0.000 0.000 0.000 0.000 0000000A
        12        3        1       HB 0.000 0.000 0.000 0.000 0000000A
         8        3        1       HB 0.000 0.000 0.000 0.000 0000000A
         4        3        1       HB 0.000 0.000 0.000 0.000 0000000A
        11        3        1       HB 0.000 0.000 0.000 0.000 0000000A
         7        3        1       HB 0.000 0.000 0.000 0.000 0000000A
         3        3        1       HB 0.000 0.000 0.000 0.000 0000000A
         9        3        1       HB 0.000 0.000 0.000 0.000 0000000A
         5        3        1       HB 0.000 0.000 0.000 0.000 0000000A
         1        3        1       HB 0.000 0.000 0.000 0.000 0000000A
        10        4        1       HB 0.000 0.000 0.000 0.000 0000000A
         6        4        1       HB 0.000 0.000 0.000 0.000 0000000A
         2        4        1       HB 0.000 0.000 0.000 0.000 0000000A
        12        4        1       HB 0.000 0.000 0.000 0.000 0000000A
         8        4        1       HB 0.000 0.000 0.000 0.000 0000000A
         4        4        1       HB 0.000 0.000 0.000 0.000 0000000A
        11        4        1       HB 0.000 0.000 0.000 0.000 0000000A
         7        4        1       HB 0.000 0.000 0.000 0.000 0000000A
         3        4        1       HB 0.000 0.000 0.000 0.000 0000000A
         9        4        1       HB 0.000 0.000 0.000 0.000 0000000A
         5        4        1       HB 0.000 0.000 0.000 0.000 0000000A
         1        4        1       HB 0.000 0.000 0.000 0.000 0000000A
        10       11        1       HB 0.000 0.000 0.000 0.000 0000000A
         6       11        1       HB 0.000 0.000 0.000 0.000 0000000A
         2       11        1       HB 0.000 0.000 0.000 0.000 0000000A
        12       11        1       HB 0.000 0.000 0.000 0.000 0000000A
         8       11        1       HB 0.000 0.000 0.000 0.000 0000000A
         4       11        1       HB 0.000 0.000 0.000 0.000 0000000A
        11       11        1       HB 0.000 0.000 0.000 0.000 0000000A
         7       11        1       HB 0.000 0.000 0.000 0.000 0000000A
         3       11        1       HB 0.000 0.000 0.000 0.000 0000000A
         9       11        1       HB 0.000 0.000 0.000 0.000 0000000A
         5       11        1       HB 0.000 0.000 0.000 0.000 0000000A
         1       11        1       HB 0.000 0.000 0.000 0.000 0000000A
        10       12        1       HB 0.000 0.000 0.000 0.000 0000000A
         6       12        1       HB 0.000 0.000 0.000 0.000 0000000A
         2       12        1       HB 0.000 0.000 0.000 0.000 0000000A
        12       12        1       HB 0.000 0.000 0.000 0.000 0000000A
         8       12        1       HB 0.000 0.000 0.000 0.000 0000000A
         4       12        1       HB 0.000 0.000 0.000 0.000 0000000A
        11       12        1       HB 0.000 0.000 0.000 0.000 0000000A
         7       12        1       HB 0.000 0.000 0.000 0.000 0000000A
         3       12        1       HB 0.000 0.000 0.000 0.000 0000000A
         9       12        1       HB 0.000 0.000 0.000 0.000 0000000A
         5       12        1       HB 0.000 0.000 0.000 0.000 0000000A
         1       12        1       HB 0.000 0.000 0.000 0.000 0000000A
        33       11        1       HF 0.000 0.000 0.000 0.000 0000000A
        31       11        1       HF 0.000 0.000 0.000 0.000 0000000A
        34       11        1       HF 0.000 0.000 0.000 0.000 0000000A
        32       11        1       HF 0.000 0.000 0.000 0.000 0000000A
        30       11        1       HF 0.000 0.000 0.000 0.000 0000000A
        35       11        1       HF 0.000 0.000 0.000 0.000 0000000A
        34       13        1       HF 0.000 0.000 0.000 0.000 0000000A
        32       13        1       HF 0.000 0.000 0.000 0.000 0000000A
        30       13        1       HF 0.000 0.000 0.000 0.000 0000000A
        33       13        1       HF 0.000 0.000 0.000 0.000 0000000A
        31       13        1       HF 0.000 0.000 0.000 0.000 0000000A
        35       13        1       HF 0.000 0.000 0.000 0.000 0000000A
        33       15        1       HF 0.000 0.000 0.000 0.000 0000000A
        31       15        1       HF 0.000 0.000 0.000 0.000 0000000A
        34       15        1       HF 0.000 0.000 0.000 0.000 0000000A
        32       15        1       HF 0.000 0.000 0.000 0.000 0000000A
        30       15        1       HF 0.000 0.000 0.000 0.000 0000000A
        35       15        1       HF 0.000 0.000 0.000 0.000 0000000A
        34       17        1       HF 0.000 0.000 0.000 0.000 0000000A
        32       17        1       HF 0.000 0.000 0.000 0.000 0000000A
        30       17        1       HF 0.000 0.000 0.000 0.000 0000000A
        33       17        1       HF 0.000 0.000 0.000 0.000 0000000A
        31       17        1       HF 0.000 0.000 0.000 0.000 0000000A
        35       17        1       HF 0.000 0.000 0.000 0.000 0000000A
        33       19        1       HF 0.000 0.000 0.000 0.000 0000000A
        31       19        1       HF 0.000 0.000 0.000 0.000 0000000A
        34       19        1       HF 0.000 0.000 0.000 0.000 0000000A
        32       19        1       HF 0.000 0.000 0.000 0.000 0000000A
        30       19        1       HF 0.000 0.000 0.000 0.000 0000000A
        35       19        1       HF 0.000 0.000 0.000 0.000 0000000A
        34       21        1       HF 0.000 0.000 0.000 0.000 0000000A
        32       21        1       HF 0.000 0.000 0.000 0.000 0000000A
        30       21        1       HF 0.000 0.000 0.000 0.000 0000000A
        33       21        1       HF 0.000 0.000 0.000 0.000 0000000A
        31       21        1       HF 0.000 0.000 0.000 0.000 0000000A
        35       21        1       HF 0.000 0.000 0.000 0.000 0000000A
        33       23        1       HF 0.000 0.000 0.000 0.000 0000000A
        31       23        1       HF 0.000 0.000 0.000 0.000 0000000A
        34       23        1       HF 0.000 0.000 0.000 0.000 0000000A
        32       23        1       HF 0.000 0.000 0.000 0.000 0000000A
        30       23        1       HF 0.000 0.000 0.000 0.000 0000000A
        35       23        1       HF 0.000 0.000 0.000 0.000 0000000A
        34       25        1       HF 0.000 0.000 0.000 0.000 0000000A
        32       25        1       HF 0.000 0.000 0.000 0.000 0000000A
        30       25        1       HF 0.000 0.000 0.000 0.000 0000000A
        33       25        1       HF 0.000 0.000 0.000 0.000 0000000A
        31       25        1       HF 0.000 0.000 0.000 0.000 0000000A
        35       25        1       HF 0.000 0.000 0.000 0.000 0000000A
         4       33        4       HO 0.000 0.000 0.000 0.000 0000000A
         4       34        4       HO 0.000 0.000 0.000 0.000 0000000A
         1       33        4       HO 0.000 0.000 0.000 0.000 0000000A
         2       33        4       HO 0.000 0.000 0.000 0.000 0000000A
         3       33        4       HO 0.000 0.000 0.000 0.000 0000000A
         3       34        4       HO 0.000 0.000 0.000 0.000 0000000A
         2       34        4       HO 0.000 0.000 0.000 0.000 0000000A
         1       34        4       HO 0.000 0.000 0.000 0.000 0000000A
         4       31        4       HO 0.000 0.000 0.000 0.000 0000000A
         4       32        4       HO 0.000 0.000 0.000 0.000 0000000A
         1       31        4       HO 0.000 0.000 0.000 0.000 0000000A
         2       31        4       HO 0.000 0.000 0.000 0.000 0000000A
         3       31        4       HO 0.000 0.000 0.000 0.000 0000000A
         3       32        4       HO 0.000 0.000 0.000 0.000 0000000A
         2       32        4       HO 0.000 0.000 0.000 0.000 0000000A
         1       32        4       HO 0.000 0.000 0.000 0.000 0000000A
         4       39        4       HO 0.000 0.000 0.000 0.000 0000000A
         1       39        4       HO 0.000 0.000 0.000 0.000 0000000A
         2       39        4       HO 0.000 0.000 0.000 0.000 0000000A
         3       39        4       HO 0.000 0.000 0.000 0.000 0000000A
         4       37        4       HO 0.000 0.000 0.000 0.000 0000000A
         4       38        4       HO 0.000 0.000 0.000 0.000 0000000A
         1       37        4       HO 0.000 0.000 0.000 0.000 0000000A
         2       37        4       HO 0.000 0.000 0.000 0.000 0000000A
         3       37        4       HO 0.000 0.000 0.000 0.000 0000000A
         3       38        4       HO 0.000 0.000 0.000 0.000 0000000A
         2       38        4       HO 0.000 0.000 0.000 0.000 0000000A
         1       38        4       HO 0.000 0.000 0.000 0.000 0000000A
         4       36        4       HO 0.000 0.000 0.000 0.000 0000000A
         3       36        4       HO 0.000 0.000 0.000 0.000 0000000A
         2       36        4       HO 0.000 0.000 0.000 0.000 0000000A
         1       36        4       HO 0.000 0.000 0.000 0.000 0000000A
         6       32        4       HO 0.000 0.000 0.000 0.000 0000000A
         6       33        4       HO 0.000 0.000 0.000 0.000 0000000A
         6       34        4       HO 0.000 0.000 0.000 0.000 0000000A
         5       32        4       HO 0.000 0.000 0.000 0.000 0000000A
         5       33        4       HO 0.000 0.000 0.000 0.000 0000000A
         5       34        4       HO 0.000 0.000 0.000 0.000 0000000A
         8       32        4       HO 0.000 0.000 0.000 0.000 0000000A
         8       33        4       HO 0.000 0.000 0.000 0.000 0000000A
         8       34        4       HO 0.000 0.000 0.000 0.000 0000000A
         7       32        4       HO 0.000 0.000 0.000 0.000 0000000A
         7       33        4       HO 0.000 0.000 0.000 0.000 0000000A
         7       34        4       HO 0.000 0.000 0.000 0.000 0000000A
        10       32        4       HO 0.000 0.000 0.000 0.000 0000000A
        10       33        4       HO 0.000 0.000 0.000 0.000 0000000A
        10       34        4       HO 0.000 0.000 0.000 0.000 0000000A
         9       32        4       HO 0.000 0.000 0.000 0.000 0000000A
         9       33        4       HO 0.000 0.000 0.000 0.000 0000000A
         9       34        4       HO 0.000 0.000 0.000 0.000 0000000A
         6       31        4       HO 0.000 0.000 0.000 0.000 0000000A
         5       31        4       HO 0.000 0.000 0.000 0.000 0000000A
         8       31        4       HO 0.000 0.000 0.000 0.000 0000000A
         7       31        4       HO 0.000 0.000 0.000 0.000 0000000A
        10       31        4       HO 0.000 0.000 0.000 0.000 0000000A
         9       31        4       HO 0.000 0.000 0.000 0.000 0000000A
         6       37        4       HO 0.000 0.000 0.000 0.000 0000000A
         6       36        4       HO 0.000 0.000 0.000 0.000 0000000A
         5       37        4       HO 0.000 0.000 0.000 0.000 0000000A
         5       36        4       HO 0.000 0.000 0.000 0.000 0000000A
         8       37        4       HO 0.000 0.000 0.000 0.000 0000000A
         8       36        4       HO 0.000 0.000 0.000 0.000 0000000A
         7       37        4       HO 0.000 0.000 0.000 0.000 0000000A
         7       36        4       HO 0.000 0.000 0.000 0.000 0000000A
        10       37        4       HO 0.000 0.000 0.000 0.000 0000000A
        10       36        4       HO 0.000 0.000 0.000 0.000 0000000A
         9       37        4       HO 0.000 0.000 0.000 0.000 0000000A
         9       36        4       HO 0.000 0.000 0.000 0.000 0000000A
         6       39        4       HO 0.000 0.000 0.000 0.000 0000000A
         6       38        4       HO 0.000 0.000 0.000 0.000 0000000A
         5       39        4       HO 0.000 0.000 0.000 0.000 0000000A
         5       38        4       HO 0.000 0.000 0.000 0.000 0000000A
         8       39        4       HO 0.000 0.000 0.000 0.000 0000000A
         8       38        4       HO 0.000 0.000 0.000 0.000 0000000A
         7       39        4       HO 0.000 0.000 0.000 0.000 0000000A
         7       38        4       HO 0.000 0.000 0.000 0.000 0000000A
        10       39        4       HO 0.000 0.000 0.000 0.000 0000000A
        10       38        4       HO 0.000 0.000 0.000 0.000 0000000A
         9       39        4       HO 0.000 0.000 0.000 0.000 0000000A
         9       38        4       HO 0.000 0.000 0.000 0.000 0000000A
        12       32        4       HO 0.000 0.000 0.000 0.000 0000000A
        12       33        4       HO 0.000 0.000 0.000 0.000 0000000A
        12       34        4       HO 0.000 0.000 0.000 0.000 0000000A
        11       32        4       HO 0.000 0.000 0.000 0.000 0000000A
        11       33        4       HO 0.000 0.000 0.000 0.000 0000000A
        11       34        4       HO 0.000 0.000 0.000 0.000 0000000A
        12       31        4       HO 0.000 0.000 0.000 0.000 0000000A
        11       31        4       HO 0.000 0.000 0.000 0.000 0000000A
        12       37        4       HO 0.000 0.000 0.000 0.000 0000000A
        12       36        4       HO 0.000 0.000 0.000 0.000 0000000A
        11       37        4       HO 0.000 0.000 0.000 0.000 0000000A
        11       36        4       HO 0.000 0.000 0.000 0.000 0000000A
        12       39        4       HO 0.000 0.000 0.000 0.000 0000000A
        12       38        4       HO 0.000 0.000 0.000 0.000 0000000A
        11       39        4       HO 0.000 0.000 0.000 0.000 0000000A
        11       38        4       HO 0.000 0.000 0.000 0.000 0000000A

