#U ADC
#   eta  phi  dep  det  cap1  cap2   cap3   cap4      HcalDetId
       -10        2        1       HB    3.83283    3.46747    3.95095    3.48148 0000000A
        -6        2        1       HB    2.73373    3.92192    3.55055    3.61662 0000000A
        -2        2        1       HB    3.01101    3.48949    3.39339    3.63864 0000000A
       -12        2        1       HB    3.68068    3.47648    3.54555    3.56757 0000000A
        -8        2        1       HB    3.40941    3.47748    3.01001    3.39940 0000000A
        -4        2        1       HB    3.70971    3.61862    3.91692    3.62062 0000000A
       -11        2        1       HB    3.69770    3.38539    3.38939    3.78879 0000000A
        -7        2        1       HB    3.72873    3.71972    3.69870    3.78579 0000000A
        -3        2        1       HB    3.58859    3.04805    3.41141    3.42242 0000000A
        -9        2        1       HB    3.63263    3.46446    3.62362    3.74975 0000000A
        -5        2        1       HB    3.32633    3.42843    3.43143    3.31231 0000000A
        -1        2        1       HB    3.58258    3.70971    3.45546    3.84785 0000000A
       -10        1        1       HB    3.63163    3.64164    3.81782    3.44244 0000000A
        -6        1        1       HB    3.00900    3.59300    3.65000    3.75500 0000000A
        -2        1        1       HB    3.70000    3.57800    3.87900    3.65000 0000000A
       -12        1        1       HB    3.07007    3.71071    3.35335    3.95295 0000000A
        -8        1        1       HB    3.60861    3.39139    3.90591    3.83183 0000000A
        -4        1        1       HB    3.28300    3.37000    3.63400    3.54400 0000000A
       -11        1        1       HB    3.68669    3.86787    3.58258    3.84585 0000000A
        -7        1        1       HB    3.30330    3.29630    3.54454    3.60260 0000000A
        -3        1        1       HB    3.19800    3.49600    3.39500    3.19200 0000000A
        -9        1        1       HB    3.03604    3.43143    3.39840    3.82683 0000000A
        -5        1        1       HB    3.09100    3.36000    3.29700    3.33800 0000000A
        -1        1        1       HB    3.29600    3.39800    3.47000    3.65400 0000000A
       -10        6        1       HB    0.00000    0.00000    0.00000    0.00000 0000000A
        -6        6        1       HB    0.00000    0.00000    0.00000    0.00000 0000000A
        -2        6        1       HB    0.00000    0.00000    0.00000    0.00000 0000000A
       -12        6        1       HB    0.00000    0.00000    0.00000    0.00000 0000000A
        -8        6        1       HB    0.00000    0.00000    0.00000    0.00000 0000000A
        -4        6        1       HB    0.00000    0.00000    0.00000    0.00000 0000000A
       -11        6        1       HB    0.00000    0.00000    0.00000    0.00000 0000000A
        -7        6        1       HB    0.00000    0.00000    0.00000    0.00000 0000000A
        -3        6        1       HB    0.00000    0.00000    0.00000    0.00000 0000000A
        -9        6        1       HB    0.00000    0.00000    0.00000    0.00000 0000000A
        -5        6        1       HB    0.00000    0.00000    0.00000    0.00000 0000000A
        -1        6        1       HB    0.00000    0.00000    0.00000    0.00000 0000000A
       -10        5        1       HB    0.00000    0.00000    0.00000    0.00000 0000000A
        -6        5        1       HB    0.00000    0.00000    0.00000    0.00000 0000000A
        -2        5        1       HB    0.00000    0.00000    0.00000    0.00000 0000000A
       -12        5        1       HB    0.00000    0.00000    0.00000    0.00000 0000000A
        -8        5        1       HB    0.00000    0.00000    0.00000    0.00000 0000000A
        -4        5        1       HB    0.00000    0.00000    0.00000    0.00000 0000000A
       -11        5        1       HB    0.00000    0.00000    0.00000    0.00000 0000000A
        -7        5        1       HB    0.00000    0.00000    0.00000    0.00000 0000000A
        -3        5        1       HB    0.00000    0.00000    0.00000    0.00000 0000000A
        -9        5        1       HB    0.00000    0.00000    0.00000    0.00000 0000000A
        -5        5        1       HB    0.00000    0.00000    0.00000    0.00000 0000000A
        -1        5        1       HB    0.00000    0.00000    0.00000    0.00000 0000000A
       -10        4        1       HB    3.55400    2.91700    3.85400    2.89200 0000000A
        -6        4        1       HB    3.23600    3.23400    3.29600    3.21800 0000000A
        -2        4        1       HB    3.16000    3.58400    3.23900    3.49100 0000000A
       -12        4        1       HB    3.45800    3.63500    3.48100    4.07200 0000000A
        -8        4        1       HB    3.50300    3.76100    4.12500    3.31400 0000000A
        -4        4        1       HB    3.80500    3.78000    3.80000    3.77400 0000000A
       -11        4        1       HB    3.44100    3.63200    3.41600    3.58100 0000000A
        -7        4        1       HB    2.97900    3.27700    3.07300    3.44200 0000000A
        -3        4        1       HB    3.88000    3.76300    3.73900    3.77300 0000000A
        -9        4        1       HB    3.19700    3.26000    3.04200    3.59000 0000000A
        -5        4        1       HB    3.36900    3.37500    3.26800    3.08600 0000000A
        -1        4        1       HB    3.10700    3.16600    3.51300    3.70000 0000000A
       -10        3        1       HB    3.21600    3.43700    3.76000    2.93000 0000000A
        -6        3        1       HB    3.75500    3.85800    3.51400    4.01300 0000000A
        -2        3        1       HB    3.29600    2.88500    3.51600    3.36900 0000000A
       -12        3        1       HB    3.35400    3.50900    3.61100    3.68400 0000000A
        -8        3        1       HB    3.32300    3.65800    3.80200    3.47800 0000000A
        -4        3        1       HB    3.32400    3.19200    3.29600    3.42900 0000000A
       -11        3        1       HB    2.91100    3.36400    3.32500    3.69000 0000000A
        -7        3        1       HB    3.41800    3.20600    3.14300    3.17000 0000000A
        -3        3        1       HB    3.51000    3.58500    3.34900    3.69300 0000000A
        -9        3        1       HB    3.29800    3.60800    3.26800    3.46000 0000000A
        -5        3        1       HB    3.19500    3.68700    3.48400    3.52700 0000000A
        -1        3        1       HB    2.84400    2.96200    2.92300    3.10700 0000000A
        10        1        1       HB    3.64228    3.52004    3.83066    3.44489 0000000A
         6        1        1       HB    3.36036    3.03403    3.50851    3.36537 0000000A
         2        1        1       HB    3.74850    3.64529    3.87776    3.85571 0000000A
        12        1        1       HB    3.24224    3.37538    3.26727    3.80881 0000000A
         8        1        1       HB    4.11334    3.08626    4.03611    3.31093 0000000A
         4        1        1       HB    3.48649    3.95996    3.89990    4.18418 0000000A
        11        1        1       HB    3.56513    3.85671    3.71643    3.59118 0000000A
         7        1        1       HB    3.08826    3.84554    3.32598    4.60481 0000000A
         3        1        1       HB    3.11022    2.76954    3.23447    2.94088 0000000A
         9        1        1       HB    3.67703    3.86861    3.88164    3.59478 0000000A
         5        1        1       HB    3.34535    3.19119    3.37538    3.19419 0000000A
         1        1        1       HB    3.09719    3.50902    3.28958    3.22545 0000000A
        10        2        1       HB    0.00000    0.00000    0.00000    0.00000 0000000A
         6        2        1       HB    0.00000    0.00000    0.00000    0.00000 0000000A
         2        2        1       HB    0.00000    0.00000    0.00000    0.00000 0000000A
        12        2        1       HB    0.00000    0.00000    0.00000    0.00000 0000000A
         8        2        1       HB    0.00000    0.00000    0.00000    0.00000 0000000A
         4        2        1       HB    0.00000    0.00000    0.00000    0.00000 0000000A
        11        2        1       HB    0.00000    0.00000    0.00000    0.00000 0000000A
         7        2        1       HB    0.00000    0.00000    0.00000    0.00000 0000000A
         3        2        1       HB    0.00000    0.00000    0.00000    0.00000 0000000A
         9        2        1       HB    0.00000    0.00000    0.00000    0.00000 0000000A
         5        2        1       HB    0.00000    0.00000    0.00000    0.00000 0000000A
         1        2        1       HB    0.00000    0.00000    0.00000    0.00000 0000000A
        10        3        1       HB    2.93800    3.19000    3.09000    3.03800 0000000A
         6        3        1       HB    3.14500    3.48200    3.39100    3.38000 0000000A
         2        3        1       HB    3.02600    3.10200    3.35400    3.69600 0000000A
        12        3        1       HB    3.59600    3.50300    3.61500    3.76300 0000000A
         8        3        1       HB    3.98300    3.54200    3.74500    3.39700 0000000A
         4        3        1       HB    3.36700    3.04300    3.33900    3.20400 0000000A
        11        3        1       HB    3.10200    3.63900    3.55600    3.27600 0000000A
         7        3        1       HB    3.08800    3.31500    3.56600    3.19100 0000000A
         3        3        1       HB    3.15900    3.41600    3.67300    3.57400 0000000A
         9        3        1       HB    3.85700    4.17800    3.97700    4.03600 0000000A
         5        3        1       HB    3.43600    3.36000    3.78800    3.69200 0000000A
         1        3        1       HB    3.34500    3.43400    3.51400    3.54900 0000000A
        10        4        1       HB    0.00000    0.00000    0.00000    0.00000 0000000A
         6        4        1       HB    0.00000    0.00000    0.00000    0.00000 0000000A
         2        4        1       HB    0.00000    0.00000    0.00000    0.00000 0000000A
        12        4        1       HB    0.00000    0.00000    0.00000    0.00000 0000000A
         8        4        1       HB    0.00000    0.00000    0.00000    0.00000 0000000A
         4        4        1       HB    0.00000    0.00000    0.00000    0.00000 0000000A
        11        4        1       HB    0.00000    0.00000    0.00000    0.00000 0000000A
         7        4        1       HB    0.00000    0.00000    0.00000    0.00000 0000000A
         3        4        1       HB    0.00000    0.00000    0.00000    0.00000 0000000A
         9        4        1       HB    0.00000    0.00000    0.00000    0.00000 0000000A
         5        4        1       HB    0.00000    0.00000    0.00000    0.00000 0000000A
         1        4        1       HB    0.00000    0.00000    0.00000    0.00000 0000000A
        10       11        1       HB    0.00000    0.00000    0.00000    0.00000 0000000A
         6       11        1       HB    0.00000    0.00000    0.00000    0.00000 0000000A
         2       11        1       HB    0.00000    0.00000    0.00000    0.00000 0000000A
        12       11        1       HB    0.00000    0.00000    0.00000    0.00000 0000000A
         8       11        1       HB    0.00000    0.00000    0.00000    0.00000 0000000A
         4       11        1       HB    0.00000    0.00000    0.00000    0.00000 0000000A
        11       11        1       HB    0.00000    0.00000    0.00000    0.00000 0000000A
         7       11        1       HB    0.00000    0.00000    0.00000    0.00000 0000000A
         3       11        1       HB    0.00000    0.00000    0.00000    0.00000 0000000A
         9       11        1       HB    0.00000    0.00000    0.00000    0.00000 0000000A
         5       11        1       HB    0.00000    0.00000    0.00000    0.00000 0000000A
         1       11        1       HB    0.00000    0.00000    0.00000    0.00000 0000000A
        10       12        1       HB    0.00000    0.00000    0.00000    0.00000 0000000A
         6       12        1       HB    0.00000    0.00000    0.00000    0.00000 0000000A
         2       12        1       HB    0.00000    0.00000    0.00000    0.00000 0000000A
        12       12        1       HB    0.00000    0.00000    0.00000    0.00000 0000000A
         8       12        1       HB    0.00000    0.00000    0.00000    0.00000 0000000A
         4       12        1       HB    0.00000    0.00000    0.00000    0.00000 0000000A
        11       12        1       HB    0.00000    0.00000    0.00000    0.00000 0000000A
         7       12        1       HB    0.00000    0.00000    0.00000    0.00000 0000000A
         3       12        1       HB    0.00000    0.00000    0.00000    0.00000 0000000A
         9       12        1       HB    0.00000    0.00000    0.00000    0.00000 0000000A
         5       12        1       HB    0.00000    0.00000    0.00000    0.00000 0000000A
         1       12        1       HB    0.00000    0.00000    0.00000    0.00000 0000000A
        33       11        1       HF    4.49800    4.18900    4.42100    4.80500 0000000A
        31       11        1       HF    4.30700    4.04000    4.09300    4.21800 0000000A
        34       11        1       HF    4.32800    4.19200    4.70600    4.18600 0000000A
        32       11        1       HF    4.90500    4.52300    4.51000    4.70800 0000000A
        30       11        1       HF    4.63200    4.51700    4.81000    4.41500 0000000A
        35       11        1       HF    4.67700    4.04800    4.17900    4.61100 0000000A
        34       13        1       HF    4.18800    4.72700    3.96600    4.46700 0000000A
        32       13        1       HF    4.05100    4.16800    4.04400    4.00600 0000000A
        30       13        1       HF    4.18800    4.29500    4.18900    4.36700 0000000A
        33       13        1       HF    3.98500    4.19500    4.00300    4.10300 0000000A
        31       13        1       HF    4.43200    4.10600    4.06200    4.59900 0000000A
        35       13        1       HF    4.15300    3.98100    4.18200    4.27300 0000000A
        33       15        1       HF    4.42400    4.59500    4.21800    4.57400 0000000A
        31       15        1       HF    0.22300    0.80700    0.71400    0.74100 0000000A
        34       15        1       HF    4.61400    4.27500    4.22700    4.31300 0000000A
        32       15        1       HF    4.15500    4.11600    4.17200    4.29200 0000000A
        30       15        1       HF    4.32200    4.81600    4.70000    4.76100 0000000A
        35       15        1       HF    4.41400    4.81300    4.87000    4.17800 0000000A
        34       17        1       HF    4.52900    4.11500    4.88900    4.51700 0000000A
        32       17        1       HF    4.89700    4.62200    4.91200    4.97100 0000000A
        30       17        1       HF    4.59100    4.04500    4.37800    4.41100 0000000A
        33       17        1       HF    4.02000    4.01700    4.12500    4.27700 0000000A
        31       17        1       HF    4.03300    3.91900    4.19900    3.93700 0000000A
        35       17        1       HF    4.50200    4.74200    4.82300    4.58700 0000000A
        33       19        1       HF    4.71500    4.89100    4.65700    4.93700 0000000A
        31       19        1       HF    4.97300    4.35200    4.77200    4.94400 0000000A
        34       19        1       HF    4.57900    4.57100    4.83200    4.63300 0000000A
        32       19        1       HF    4.82100    4.48900    4.95500    4.72100 0000000A
        30       19        1       HF    4.53100    4.44800    4.76800    4.93800 0000000A
        35       19        1       HF    4.49600    4.92300    4.58600    4.91800 0000000A
        34       21        1       HF    4.62100    4.58300    4.83100    4.23400 0000000A
        32       21        1       HF    4.30800    4.26100    4.87500    4.91000 0000000A
        30       21        1       HF    4.11200    4.33100    4.58300    4.40900 0000000A
        33       21        1       HF    4.04200    4.02200    4.39800    4.01800 0000000A
        31       21        1       HF    5.04200    4.99700    4.97800    5.03000 0000000A
        35       21        1       HF    4.71500    4.60400    4.49200    4.37400 0000000A
        33       23        1       HF    4.91700    4.75200    4.97200    4.92200 0000000A
        31       23        1       HF    4.55500    4.47200    4.58600    4.41000 0000000A
        34       23        1       HF    4.66800    4.59200    4.48100    4.86000 0000000A
        32       23        1       HF    4.13900    4.19100    4.15500    4.46400 0000000A
        30       23        1       HF    3.88200    4.09300    4.09500    4.61000 0000000A
        35       23        1       HF    4.54000    4.62700    4.38600    4.78000 0000000A
        34       25        1       HF    4.68300    4.78700    4.27200    4.76400 0000000A
        32       25        1       HF    4.21600    4.35500    4.03400    4.42900 0000000A
        30       25        1       HF    4.74600    4.63700    4.54300    4.87000 0000000A
        33       25        1       HF    4.23500    4.57900    4.97700    5.02600 0000000A
        31       25        1       HF    4.12200    4.66500    4.10600    4.18100 0000000A
        35       25        1       HF    4.11400    4.75200    4.33100    4.33400 0000000A
         4       33        4       HO    0.00000    0.00000    0.00000    0.00000 0000000A
         4       34        4       HO    0.00000    0.00000    0.00000    0.00000 0000000A
         1       33        4       HO    0.00000    0.00000    0.00000    0.00000 0000000A
         2       33        4       HO    0.00000    0.00000    0.00000    0.00000 0000000A
         3       33        4       HO    0.00000    0.00000    0.00000    0.00000 0000000A
         3       34        4       HO    0.00000    0.00000    0.00000    0.00000 0000000A
         2       34        4       HO    0.00000    0.00000    0.00000    0.00000 0000000A
         1       34        4       HO    0.00000    0.00000    0.00000    0.00000 0000000A
         4       31        4       HO   10.61900   10.75400   10.93800   10.52700 0000000A
         4       32        4       HO   11.67700   11.42800   11.37800   11.09700 0000000A
         1       31        4       HO   11.02500   11.40900   11.40600   10.98900 0000000A
         2       31        4       HO   10.60600   10.24300   10.48700   10.48200 0000000A
         3       31        4       HO   10.32700   10.17200   10.41600   10.21800 0000000A
         3       32        4       HO   11.02300   10.52600   10.73200   10.40100 0000000A
         2       32        4       HO   10.65700   10.47400   10.65600   10.79800 0000000A
         1       32        4       HO   10.75500   10.68900   10.65800   10.67000 0000000A
         4       39        4       HO    5.30500    5.42500    5.51300    5.24500 0000000A
         1       39        4       HO    4.11600    4.14600    3.86700    4.17800 0000000A
         2       39        4       HO    0.24700    0.44900    0.66800    0.18800 0000000A
         3       39        4       HO    2.78900    3.17800    2.91700    2.95600 0000000A
         4       37        4       HO   10.79000   11.00600   11.01500   11.07600 0000000A
         4       38        4       HO    4.42242    3.62763    4.45546    4.18819 0000000A
         1       37        4       HO   11.36800   11.21000   11.16700   11.34600 0000000A
         2       37        4       HO   11.38100   11.11100   11.15500   11.38800 0000000A
         3       37        4       HO   10.62400   10.43500   10.76600   10.55600 0000000A
         3       38        4       HO    0.01101    0.00300    0.01602    0.02503 0000000A
         2       38        4       HO    3.44144    3.51952    3.76677    3.84484 0000000A
         1       38        4       HO    4.04905    3.66266    3.90991    3.78178 0000000A
         4       36        4       HO   10.88188   10.78579   11.08809   10.87087 0000000A
         3       36        4       HO   10.90791   10.94094   10.98198   10.95996 0000000A
         2       36        4       HO   11.26627   11.00601   11.11011   11.27728 0000000A
         1       36        4       HO   10.65265   10.62262   10.24625   10.68368 0000000A
         6       32        4       HO   10.69900   10.44800   10.90500   10.62300 0000000A
         6       33        4       HO    0.00000    0.00000    0.00000    0.00000 0000000A
         6       34        4       HO    0.00000    0.00000    0.00000    0.00000 0000000A
         5       32        4       HO   11.11600   10.98700   10.97700   10.78500 0000000A
         5       33        4       HO    0.00000    0.00000    0.00000    0.00000 0000000A
         5       34        4       HO    0.00000    0.00000    0.00000    0.00000 0000000A
         8       32        4       HO    0.00000    0.00000    0.00000    0.00000 0000000A
         8       33        4       HO    0.00000    0.00000    0.00000    0.00000 0000000A
         8       34        4       HO    0.00000    0.00000    0.00000    0.00000 0000000A
         7       32        4       HO    0.00000    0.00000    0.00000    0.00000 0000000A
         7       33        4       HO    0.00000    0.00000    0.00000    0.00000 0000000A
         7       34        4       HO    0.00000    0.00000    0.00000    0.00000 0000000A
        10       32        4       HO    0.00000    0.00000    0.00000    0.00000 0000000A
        10       33        4       HO    0.00000    0.00000    0.00000    0.00000 0000000A
        10       34        4       HO    0.00000    0.00000    0.00000    0.00000 0000000A
         9       32        4       HO    0.00000    0.00000    0.00000    0.00000 0000000A
         9       33        4       HO    0.00000    0.00000    0.00000    0.00000 0000000A
         9       34        4       HO    0.00000    0.00000    0.00000    0.00000 0000000A
         6       31        4       HO   11.25200   11.24500   10.74500   10.57200 0000000A
         5       31        4       HO   10.77600   10.49700   10.55800   10.63300 0000000A
         8       31        4       HO   10.40200   10.76600   10.52800   10.58300 0000000A
         7       31        4       HO   11.00500   10.92700   11.20100   11.09100 0000000A
        10       31        4       HO   10.46700   10.72600   10.82000   10.39900 0000000A
         9       31        4       HO   11.19500   11.04600   11.52600   10.60000 0000000A
         6       37        4       HO   10.75800   10.66900   10.65100   10.76900 0000000A
         6       36        4       HO   10.91191   11.06106   10.83784   11.28028 0000000A
         5       37        4       HO   10.97000   11.03500   11.04400   11.09400 0000000A
         5       36        4       HO   11.01401   11.29329   11.29730   11.40340 0000000A
         8       37        4       HO    0.00000    0.00000    0.00000    0.00000 0000000A
         8       36        4       HO   10.98398   11.20621   10.97297   11.10410 0000000A
         7       37        4       HO    0.00000    0.00000    0.00000    0.00000 0000000A
         7       36        4       HO   11.25325   11.30831   11.23323   11.48048 0000000A
        10       37        4       HO    0.00000    0.00000    0.00000    0.00000 0000000A
        10       36        4       HO   11.41341   10.80681   11.43544   11.05005 0000000A
         9       37        4       HO    0.00000    0.00000    0.00000    0.00000 0000000A
         9       36        4       HO   11.48448   11.22523   11.08909   11.11612 0000000A
         6       39        4       HO    5.99200    6.44400    6.28100    6.34700 0000000A
         6       38        4       HO    2.37337    2.46446    2.41942    2.59259 0000000A
         5       39        4       HO    5.34400    5.38300    5.24800    5.25400 0000000A
         5       38        4       HO    1.52553    1.29930    1.60060    1.27528 0000000A
         8       39        4       HO    0.00000    0.00000    0.00000    0.00000 0000000A
         8       38        4       HO    4.25900    3.98700    4.43600    4.25400 0000000A
         7       39        4       HO    0.00000    0.00000    0.00000    0.00000 0000000A
         7       38        4       HO    0.45200    0.85500    1.06300    1.30300 0000000A
        10       39        4       HO    0.00000    0.00000    0.00000    0.00000 0000000A
        10       38        4       HO    4.81982    4.76376    4.87988    4.53453 0000000A
         9       39        4       HO    0.00000    0.00000    0.00000    0.00000 0000000A
         9       38        4       HO    0.23300    0.53000    0.49500    0.74000 0000000A
        12       32        4       HO    0.00000    0.00000    0.00000    0.00000 0000000A
        12       33        4       HO    0.00000    0.00000    0.00000    0.00000 0000000A
        12       34        4       HO    0.00000    0.00000    0.00000    0.00000 0000000A
        11       32        4       HO    0.00000    0.00000    0.00000    0.00000 0000000A
        11       33        4       HO    0.00000    0.00000    0.00000    0.00000 0000000A
        11       34        4       HO    0.00000    0.00000    0.00000    0.00000 0000000A
        12       31        4       HO   10.85100   11.24500   10.99900   10.82600 0000000A
        11       31        4       HO   11.22000   10.88300   11.00100   10.83200 0000000A
        12       37        4       HO    0.00000    0.00000    0.00000    0.00000 0000000A
        12       36        4       HO   11.07207   10.96697   10.59059   11.12312 0000000A
        11       37        4       HO    0.00000    0.00000    0.00000    0.00000 0000000A
        11       36        4       HO   10.28829   10.38038   10.25926   10.16216 0000000A
        12       39        4       HO    0.00000    0.00000    0.00000    0.00000 0000000A
        12       38        4       HO    5.64865    5.71271    5.69269    5.89590 0000000A
        11       39        4       HO    0.00000    0.00000    0.00000    0.00000 0000000A
        11       38        4       HO    5.05105    5.15315    5.23223    5.32933 0000000A

