# i  cr sl tb dcc spigot fiber fiberchan subdet ieta iphi depth
0000 17 13 t   0      0     1         0     HF   30   11     1
0000 17 13 t   0      0     1         1     HF   31   11     1
0000 17 13 t   0      0     1         2     HF   32   11     1
0000 17 13 t   0      0     2         0     HF   33   11     1
0000 17 13 t   0      0     2         1     HF   34   11     1
0000 17 13 t   0      0     2         2     HF   35   11     1
0000 17 13 t   0      0     3         0     HF   30   13     1
0000 17 13 t   0      0     3         1     HF   31   13     1
0000 17 13 t   0      0     3         2     HF   32   13     1
0000 17 13 t   0      0     4         0     HF   33   13     1
0000 17 13 t   0      0     4         1     HF   34   13     1
0000 17 13 t   0      0     4         2     HF   35   13     1
0000 17 13 t   0      0     5         0     HF   30   15     1
0000 17 13 t   0      0     5         1     HF   31   15     1
0000 17 13 t   0      0     5         2     HF   32   15     1
0000 17 13 t   0      0     6         0     HF   33   15     1
0000 17 13 t   0      0     6         1     HF   34   15     1
0000 17 13 t   0      0     6         2     HF   35   15     1
0000 17 13 t   0      0     7         0     HF   30   17     1
0000 17 13 t   0      0     7         1     HF   31   17     1
0000 17 13 t   0      0     7         2     HF   32   17     1
0000 17 13 t   0      0     8         0     HF   33   17     1
0000 17 13 t   0      0     8         1     HF   34   17     1
0000 17 13 t   0      0     8         2     HF   35   17     1
#						     
0000 17 13 b   0      1     1         0     HF   30   19     1
0000 17 13 b   0      1     1         1     HF   31   19     1
0000 17 13 b   0      1     1         2     HF   32   19     1
0000 17 13 b   0      1     2         0     HF   33   19     1
0000 17 13 b   0      1     2         1     HF   34   19     1
0000 17 13 b   0      1     2         2     HF   35   19     1
0000 17 13 b   0      1     3         0     HF   30   21     1
0000 17 13 b   0      1     3         1     HF   31   21     1
0000 17 13 b   0      1     3         2     HF   32   21     1
0000 17 13 b   0      1     4         0     HF   33   21     1
0000 17 13 b   0      1     4         1     HF   34   21     1
0000 17 13 b   0      1     4         2     HF   35   21     1
0000 17 13 b   0      1     5         0     HF   30   23     1
0000 17 13 b   0      1     5         1     HF   31   23     1
0000 17 13 b   0      1     5         2     HF   32   23     1
0000 17 13 b   0      1     6         0     HF   33   23     1
0000 17 13 b   0      1     6         1     HF   34   23     1
0000 17 13 b   0      1     6         2     HF   35   23     1
0000 17 13 b   0      1     7         0     HF   30   25     1
0000 17 13 b   0      1     7         1     HF   31   25     1
0000 17 13 b   0      1     7         2     HF   32   25     1
0000 17 13 b   0      1     8         0     HF   33   25     1
0000 17 13 b   0      1     8         1     HF   34   25     1
0000 17 13 b   0      1     8         2     HF   35   25     1
#
0000 17 14 t   0      2     1         0     HB   -12  1     1
0000 17 14 t   0      2     1         1     HB   -11  1     1
0000 17 14 t   0      2     1         2     HB   -10  1     1
0000 17 14 t   0      2     2         0     HB   -9   1     1
0000 17 14 t   0      2     2         1     HB   -8   1     1
0000 17 14 t   0      2     2         2     HB   -7   1     1
0000 17 14 t   0      2     3         0     HB   -6   1     1
0000 17 14 t   0      2     3         1     HB   -5   1     1
0000 17 14 t   0      2     3         2     HB   -4   1     1
0000 17 14 t   0      2     4         0     HB   -3   1     1
0000 17 14 t   0      2     4         1     HB   -2   1     1
0000 17 14 t   0      2     4         2     HB   -1   1     1
0000 17 14 t   0      2     5         0     HB   -12  2     1
0000 17 14 t   0      2     5         1     HB   -11  2     1
0000 17 14 t   0      2     5         2     HB   -10  2     1
0000 17 14 t   0      2     6         0     HB   -9   2     1
0000 17 14 t   0      2     6         1     HB   -8   2     1
0000 17 14 t   0      2     6         2     HB   -7   2     1
0000 17 14 t   0      2     7         0     HB   -6   2     1
0000 17 14 t   0      2     7         1     HB   -5   2     1
0000 17 14 t   0      2     7         2     HB   -4   2     1
0000 17 14 t   0      2     8         0     HB   -3   2     1
0000 17 14 t   0      2     8         1     HB   -2   2     1
0000 17 14 t   0      2     8         2     HB   -1   2     1
#	 					      
0000 17 14 b   0      3     1         0     HB   1    1     1
0000 17 14 b   0      3     1         1     HB   2    1     1
0000 17 14 b   0      3     1         2     HB   3    1     1
0000 17 14 b   0      3     2         0     HB   4    1     1
0000 17 14 b   0      3     2         1     HB   5    1     1
0000 17 14 b   0      3     2         2     HB   6    1     1
0000 17 14 b   0      3     3         0     HB   7    1     1
0000 17 14 b   0      3     3         1     HB   8    1     1
0000 17 14 b   0      3     3         2     HB   9    1     1
0000 17 14 b   0      3     4         0     HB   10   1     1
0000 17 14 b   0      3     4         1     HB   11   1     1
0000 17 14 b   0      3     4         2     HB   12   1     1
0000 17 14 b   0      3     5         0     HB   1    2     1
0000 17 14 b   0      3     5         1     HB   2    2     1
0000 17 14 b   0      3     5         2     HB   3    2     1
0000 17 14 b   0      3     6         0     HB   4    2     1
0000 17 14 b   0      3     6         1     HB   5    2     1
0000 17 14 b   0      3     6         2     HB   6    2     1
0000 17 14 b   0      3     7         0     HB   7    2     1
0000 17 14 b   0      3     7         1     HB   8    2     1
0000 17 14 b   0      3     7         2     HB   9    2     1
0000 17 14 b   0      3     8         0     HB   10   2     1
0000 17 14 b   0      3     8         1     HB   11   2     1
0000 17 14 b   0      3     8         2     HB   12   2     1
#
0000 17 15 t   0      4     1         0     HB   -12  3     1
0000 17 15 t   0      4     1         1     HB   -11  3     1
0000 17 15 t   0      4     1         2     HB   -10  3     1
0000 17 15 t   0      4     2         0     HB   -9   3     1
0000 17 15 t   0      4     2         1     HB   -8   3     1
0000 17 15 t   0      4     2         2     HB   -7   3     1
0000 17 15 t   0      4     3         0     HB   -6   3     1
0000 17 15 t   0      4     3         1     HB   -5   3     1
0000 17 15 t   0      4     3         2     HB   -4   3     1
0000 17 15 t   0      4     4         0     HB   -3   3     1
0000 17 15 t   0      4     4         1     HB   -2   3     1
0000 17 15 t   0      4     4         2     HB   -1   3     1
0000 17 15 t   0      4     5         0     HB   -12  4     1
0000 17 15 t   0      4     5         1     HB   -11  4     1
0000 17 15 t   0      4     5         2     HB   -10  4     1
0000 17 15 t   0      4     6         0     HB   -9   4     1
0000 17 15 t   0      4     6         1     HB   -8   4     1
0000 17 15 t   0      4     6         2     HB   -7   4     1
0000 17 15 t   0      4     7         0     HB   -6   4     1
0000 17 15 t   0      4     7         1     HB   -5   4     1
0000 17 15 t   0      4     7         2     HB   -4   4     1
0000 17 15 t   0      4     8         0     HB   -3   4     1
0000 17 15 t   0      4     8         1     HB   -2   4     1
0000 17 15 t   0      4     8         2     HB   -1   4     1
#	 					      
0000 17 15 b   0      5     1         0     HB   1    3     1
0000 17 15 b   0      5     1         1     HB   2    3     1
0000 17 15 b   0      5     1         2     HB   3    3     1
0000 17 15 b   0      5     2         0     HB   4    3     1
0000 17 15 b   0      5     2         1     HB   5    3     1
0000 17 15 b   0      5     2         2     HB   6    3     1
0000 17 15 b   0      5     3         0     HB   7    3     1
0000 17 15 b   0      5     3         1     HB   8    3     1
0000 17 15 b   0      5     3         2     HB   9    3     1
0000 17 15 b   0      5     4         0     HB   10   3     1
0000 17 15 b   0      5     4         1     HB   11   3     1
0000 17 15 b   0      5     4         2     HB   12   3     1
0000 17 15 b   0      5     5         0     HB   1    4     1
0000 17 15 b   0      5     5         1     HB   2    4     1
0000 17 15 b   0      5     5         2     HB   3    4     1
0000 17 15 b   0      5     6         0     HB   4    4     1
0000 17 15 b   0      5     6         1     HB   5    4     1
0000 17 15 b   0      5     6         2     HB   6    4     1
0000 17 15 b   0      5     7         0     HB   7    4     1
0000 17 15 b   0      5     7         1     HB   8    4     1
0000 17 15 b   0      5     7         2     HB   9    4     1
0000 17 15 b   0      5     8         0     HB   10   4     1
0000 17 15 b   0      5     8         1     HB   11   4     1
0000 17 15 b   0      5     8         2     HB   12   4     1
#
0000 17 16 t   0      6     1         0     HB   -12  5     1
0000 17 16 t   0      6     1         1     HB   -11  5     1
0000 17 16 t   0      6     1         2     HB   -10  5     1
0000 17 16 t   0      6     2         0     HB   -9   5     1
0000 17 16 t   0      6     2         1     HB   -8   5     1
0000 17 16 t   0      6     2         2     HB   -7   5     1
0000 17 16 t   0      6     3         0     HB   -6   5     1
0000 17 16 t   0      6     3         1     HB   -5   5     1
0000 17 16 t   0      6     3         2     HB   -4   5     1
0000 17 16 t   0      6     4         0     HB   -3   5     1
0000 17 16 t   0      6     4         1     HB   -2   5     1
0000 17 16 t   0      6     4         2     HB   -1   5     1
0000 17 16 t   0      6     5         0     HB   -12  6     1
0000 17 16 t   0      6     5         1     HB   -11  6     1
0000 17 16 t   0      6     5         2     HB   -10  6     1
0000 17 16 t   0      6     6         0     HB   -9   6     1
0000 17 16 t   0      6     6         1     HB   -8   6     1
0000 17 16 t   0      6     6         2     HB   -7   6     1
0000 17 16 t   0      6     7         0     HB   -6   6     1
0000 17 16 t   0      6     7         1     HB   -5   6     1
0000 17 16 t   0      6     7         2     HB   -4   6     1
0000 17 16 t   0      6     8         0     HB   -3   6     1
0000 17 16 t   0      6     8         1     HB   -2   6     1
0000 17 16 t   0      6     8         2     HB   -1   6     1
#	 					      
0000 17 16 b   0      7     1         0     HB   1    11     1
0000 17 16 b   0      7     1         1     HB   2    11     1
0000 17 16 b   0      7     1         2     HB   3    11     1
0000 17 16 b   0      7     2         0     HB   4    11     1
0000 17 16 b   0      7     2         1     HB   5    11     1
0000 17 16 b   0      7     2         2     HB   6    11     1
0000 17 16 b   0      7     3         0     HB   7    11     1
0000 17 16 b   0      7     3         1     HB   8    11     1
0000 17 16 b   0      7     3         2     HB   9    11     1
0000 17 16 b   0      7     4         0     HB   10   11     1
0000 17 16 b   0      7     4         1     HB   11   11     1
0000 17 16 b   0      7     4         2     HB   12   11     1
0000 17 16 b   0      7     5         0     HB   1    12     1
0000 17 16 b   0      7     5         1     HB   2    12     1
0000 17 16 b   0      7     5         2     HB   3    12     1
0000 17 16 b   0      7     6         0     HB   4    12     1
0000 17 16 b   0      7     6         1     HB   5    12     1
0000 17 16 b   0      7     6         2     HB   6    12     1
0000 17 16 b   0      7     7         0     HB   7    12     1
0000 17 16 b   0      7     7         1     HB   8    12     1
0000 17 16 b   0      7     7         2     HB   9    12     1
0000 17 16 b   0      7     8         0     HB   10   12     1
0000 17 16 b   0      7     8         1     HB   11   12     1
0000 17 16 b   0      7     8         2     HB   12   12     1
#
0000 17 17 t   0      8     1         0     HO   1    31     4
0000 17 17 t   0      8     1         1     HO   2    31     4
0000 17 17 t   0      8     1         2     HO   3    31     4
0000 17 17 t   0      8     2         0     HO   4    31     4
0000 17 17 t   0      8     2         1     HO   5    31     4
0000 17 17 t   0      8     2         2     HO   6    31     4
0000 17 17 t   0      8     3         0     HO   7    31     4
0000 17 17 t   0      8     3         1     HO   8    31     4
0000 17 17 t   0      8     3         2     HO   9    31     4
0000 17 17 t   0      8     4         0     HO   10   31     4
0000 17 17 t   0      8     4         1     HO   11   31     4
0000 17 17 t   0      8     4         2     HO   12   31     4
0000 17 17 t   0      8     5         0     HO   1    32     4
0000 17 17 t   0      8     5         1     HO   2    32     4
0000 17 17 t   0      8     5         2     HO   3    32     4
0000 17 17 t   0      8     6         0     HO   4    32     4
0000 17 17 t   0      8     6         1     HO   5    32     4
0000 17 17 t   0      8     6         2     HO   6    32     4
0000 17 17 t   0      8     7         0     HO   7    32     4
0000 17 17 t   0      8     7         1     HO   8    32     4
0000 17 17 t   0      8     7         2     HO   9    32     4
0000 17 17 t   0      8     8         0     HO   10   32     4
0000 17 17 t   0      8     8         1     HO   11   32     4
0000 17 17 t   0      8     8         2     HO   12   32     4
#
0000 17 17 b   0      9     1         0     HO   1    33     4
0000 17 17 b   0      9     1         1     HO   2    33     4
0000 17 17 b   0      9     1         2     HO   3    33     4
0000 17 17 b   0      9     2         0     HO   4    33     4
0000 17 17 b   0      9     2         1     HO   5    33     4
0000 17 17 b   0      9     2         2     HO   6    33     4
0000 17 17 b   0      9     3         0     HO   7    33     4
0000 17 17 b   0      9     3         1     HO   8    33     4
0000 17 17 b   0      9     3         2     HO   9    33     4
0000 17 17 b   0      9     4         0     HO   10   33     4
0000 17 17 b   0      9     4         1     HO   11   33     4
0000 17 17 b   0      9     4         2     HO   12   33     4
0000 17 17 b   0      9     5         0     HO   1    34     4
0000 17 17 b   0      9     5         1     HO   2    34     4
0000 17 17 b   0      9     5         2     HO   3    34     4
0000 17 17 b   0      9     6         0     HO   4    34     4
0000 17 17 b   0      9     6         1     HO   5    34     4
0000 17 17 b   0      9     6         2     HO   6    34     4
0000 17 17 b   0      9     7         0     HO   7    34     4
0000 17 17 b   0      9     7         1     HO   8    34     4
0000 17 17 b   0      9     7         2     HO   9    34     4
0000 17 17 b   0      9     8         0     HO   10   34     4
0000 17 17 b   0      9     8         1     HO   11   34     4
0000 17 17 b   0      9     8         2     HO   12   34     4
#
0000 17 18 t   0      10     1         0     HO   1    36     4
0000 17 18 t   0      10     1         1     HO   2    36     4
0000 17 18 t   0      10     1         2     HO   3    36     4
0000 17 18 t   0      10     2         0     HO   4    36     4
0000 17 18 t   0      10     2         1     HO   5    36     4
0000 17 18 t   0      10     2         2     HO   6    36     4
0000 17 18 t   0      10     3         0     HO   7    36     4
0000 17 18 t   0      10     3         1     HO   8    36     4
0000 17 18 t   0      10     3         2     HO   9    36     4
0000 17 18 t   0      10     4         0     HO   10   36     4
0000 17 18 t   0      10     4         1     HO   11   36     4
0000 17 18 t   0      10     4         2     HO   12   36     4
0000 17 18 t   0      10     5         0     HO   1    37     4
0000 17 18 t   0      10     5         1     HO   2    37     4
0000 17 18 t   0      10     5         2     HO   3    37     4
0000 17 18 t   0      10     6         0     HO   4    37     4
0000 17 18 t   0      10     6         1     HO   5    37     4
0000 17 18 t   0      10     6         2     HO   6    37     4
0000 17 18 t   0      10     7         0     HO   7    37     4
0000 17 18 t   0      10     7         1     HO   8    37     4
0000 17 18 t   0      10     7         2     HO   9    37     4
0000 17 18 t   0      10     8         0     HO   10   37     4
0000 17 18 t   0      10     8         1     HO   11   37     4
0000 17 18 t   0      10     8         2     HO   12   37     4
#
0000 17 18 b   0      11     1         0     HO   1    38     4
0000 17 18 b   0      11     1         1     HO   2    38     4
0000 17 18 b   0      11     1         2     HO   3    38     4
0000 17 18 b   0      11     2         0     HO   4    38     4
0000 17 18 b   0      11     2         1     HO   5    38     4
0000 17 18 b   0      11     2         2     HO   6    38     4
0000 17 18 b   0      11     3         0     HO   7    38     4
0000 17 18 b   0      11     3         1     HO   8    38     4
0000 17 18 b   0      11     3         2     HO   9    38     4
0000 17 18 b   0      11     4         0     HO   10   38     4
0000 17 18 b   0      11     4         1     HO   11   38     4
0000 17 18 b   0      11     4         2     HO   12   38     4
0000 17 18 b   0      11     5         0     HO   1    39     4
0000 17 18 b   0      11     5         1     HO   2    39     4
0000 17 18 b   0      11     5         2     HO   3    39     4
0000 17 18 b   0      11     6         0     HO   4    39     4
0000 17 18 b   0      11     6         1     HO   5    39     4
0000 17 18 b   0      11     6         2     HO   6    39     4
0000 17 18 b   0      11     7         0     HO   7    39     4
0000 17 18 b   0      11     7         1     HO   8    39     4
0000 17 18 b   0      11     7         2     HO   9    39     4
0000 17 18 b   0      11     8         0     HO   10   39     4
0000 17 18 b   0      11     8         1     HO   11   39     4
0000 17 18 b   0      11     8         2     HO   12   39     4