# i  cr sl tb dcc spigot fiber fiberchan subdet ieta iphi depth
#0000 17 13 t   0      0     1         0     HF   30   11     1
#0000 17 13 t   0      0     1         1     HF   31   11     1
#0000 17 13 t   0      0     1         2     HF   32   11     1
#0000 17 13 t   0      0     2         0     HF   33   11     1
#0000 17 13 t   0      0     2         1     HF   34   11     1
#0000 17 13 t   0      0     2         2     HF   35   11     1
#0000 17 13 t   0      0     3         0     HF   30   13     1
#0000 17 13 t   0      0     3         1     HF   31   13     1
#0000 17 13 t   0      0     3         2     HF   32   13     1
#0000 17 13 t   0      0     4         0     HF   33   13     1
#0000 17 13 t   0      0     4         1     HF   34   13     1
#0000 17 13 t   0      0     4         2     HF   35   13     1
#0000 17 13 t   0      0     5         0     HF   30   15     1
#0000 17 13 t   0      0     5         1     HF   31   15     1
#0000 17 13 t   0      0     5         2     HF   32   15     1
#0000 17 13 t   0      0     6         0     HF   33   15     1
#0000 17 13 t   0      0     6         1     HF   34   15     1
#0000 17 13 t   0      0     6         2     HF   35   15     1
#0000 17 13 t   0      0     7         0     HF   30   17     1
#0000 17 13 t   0      0     7         1     HF   31   17     1
#0000 17 13 t   0      0     7         2     HF   32   17     1
#0000 17 13 t   0      0     8         0     HF   33   17     1
#0000 17 13 t   0      0     8         1     HF   34   17     1
#0000 17 13 t   0      0     8         2     HF   35   17     1
##			          
#0000 17 13 b   0      1     1         0     HF   30   19     1
#0000 17 13 b   0      1     1         1     HF   31   19     1
#0000 17 13 b   0      1     1         2     HF   32   19     1
#0000 17 13 b   0      1     2         0     HF   33   19     1
#0000 17 13 b   0      1     2         1     HF   34   19     1
#0000 17 13 b   0      1     2         2     HF   35   19     1
#0000 17 13 b   0      1     3         0     HF   30   21     1
#0000 17 13 b   0      1     3         1     HF   31   21     1
#0000 17 13 b   0      1     3         2     HF   32   21     1
#0000 17 13 b   0      1     4         0     HF   33   21     1
#0000 17 13 b   0      1     4         1     HF   34   21     1
#0000 17 13 b   0      1     4         2     HF   35   21     1
#0000 17 13 b   0      1     5         0     HF   30   23     1
#0000 17 13 b   0      1     5         1     HF   31   23     1
#0000 17 13 b   0      1     5         2     HF   32   23     1
#0000 17 13 b   0      1     6         0     HF   33   23     1
#0000 17 13 b   0      1     6         1     HF   34   23     1
#0000 17 13 b   0      1     6         2     HF   35   23     1
#0000 17 13 b   0      1     7         0     HF   30   25     1
#0000 17 13 b   0      1     7         1     HF   31   25     1
#0000 17 13 b   0      1     7         2     HF   32   25     1
#0000 17 13 b   0      1     8         0     HF   33   25     1
#0000 17 13 b   0      1     8         1     HF   34   25     1
#0000 17 13 b   0      1     8         2     HF   35   25     1
##
0000 17 14 t   0      2     1         0     HB   11   11     1
0000 17 14 t   0      2     1         1     HB   7    11     1
0000 17 14 t   0      2     1         2     HB   3    11     1
0000 17 14 t   0      2     2         0     HB   5    11     1
0000 17 14 t   0      2     2         1     HB   1    11     1
0000 17 14 t   0      2     2         2     HB   9    11     1
0000 17 14 t   0      2     3         0     HB   11   12     1
0000 17 14 t   0      2     3         1     HB   7    12     1
0000 17 14 t   0      2     3         2     HB   3    12     1
0000 17 14 t   0      2     4         0     HB   5    12     1
0000 17 14 t   0      2     4         1     HB   1    12     1
0000 17 14 t   0      2     4         2     HB   9    12     1
0000 17 14 t   0      2     5         0     HB   10   11     1
0000 17 14 t   0      2     5         1     HB   6    11     1
0000 17 14 t   0      2     5         2     HB   2    11     1
0000 17 14 t   0      2     6         0     HB   8    11     1
0000 17 14 t   0      2     6         1     HB   4    11     1
0000 17 14 t   0      2     6         2     HB   12   11     1
0000 17 14 t   0      2     7         0     HB   10   12     1
0000 17 14 t   0      2     7         1     HB   6    12     1
0000 17 14 t   0      2     7         2     HB   2    12     1
0000 17 14 t   0      2     8         0     HB   8    12     1
0000 17 14 t   0      2     8         1     HB   4    12     1
0000 17 14 t   0      2     8         2     HB   12   12     1
#
0000 17 14 b   0      3     1         0     HB   11   13     1
0000 17 14 b   0      3     1         1     HB   7    13     1
0000 17 14 b   0      3     1         2     HB   3    13     1
0000 17 14 b   0      3     2         0     HB   5    13     1
0000 17 14 b   0      3     2         1     HB   1    13     1
0000 17 14 b   0      3     2         2     HB   9    13     1
0000 17 14 b   0      3     3         0     HB   11   14     1
0000 17 14 b   0      3     3         1     HB   7    14     1
0000 17 14 b   0      3     3         2     HB   3    14     1
0000 17 14 b   0      3     4         0     HB   5    14     1
0000 17 14 b   0      3     4         1     HB   1    14     1
0000 17 14 b   0      3     4         2     HB   9    14     1
0000 17 14 b   0      3     5         0     HB   10   13     1
0000 17 14 b   0      3     5         1     HB   6    13     1
0000 17 14 b   0      3     5         2     HB   2    13     1
0000 17 14 b   0      3     6         0     HB   8    13     1
0000 17 14 b   0      3     6         1     HB   4    13     1
0000 17 14 b   0      3     6         2     HB   12   13     1
0000 17 14 b   0      3     7         0     HB   10   14     1
0000 17 14 b   0      3     7         1     HB   6    14     1
0000 17 14 b   0      3     7         2     HB   2    14     1
0000 17 14 b   0      3     8         0     HB   8    14     1
0000 17 14 b   0      3     8         1     HB   4    14     1
0000 17 14 b   0      3     8         2     HB   12   14     1
#
0000 17 15 t   0      4     1         0     HB   16   11     2
0000 17 15 t   0      4     1         1     HB   15   11     2
0000 17 15 t   0      4     1         2     HB   14   11     1
0000 17 15 t   0      4     2         0     HB   15   11     1
0000 17 15 t   0      4     2         1     HB   13   11     1
0000 17 15 t   0      4     2         2     HB   16   11     1
0000 17 15 t   0      4     3         0     HB   16   12     2
0000 17 15 t   0      4     3         1     HB   15   12     2
0000 17 15 t   0      4     3         2     HB   14   12     1
0000 17 15 t   0      4     4         0     HB   15   12     1
0000 17 15 t   0      4     4         1     HB   13   12     1
0000 17 15 t   0      4     4         2     HB   16   12     1
#
0000 17 15 b   0      5     1         0     HB   16   13     2
0000 17 15 b   0      5     1         1     HB   15   13     2
0000 17 15 b   0      5     1         2     HB   14   13     1
0000 17 15 b   0      5     2         0     HB   15   13     1
0000 17 15 b   0      5     2         1     HB   13   13     1
0000 17 15 b   0      5     2         2     HB   16   13     1
0000 17 15 b   0      5     3         0     HB   16   14     2
0000 17 15 b   0      5     3         1     HB   15   14     2
0000 17 15 b   0      5     3         2     HB   14   14     1
0000 17 15 b   0      5     4         0     HB   15   14     1
0000 17 15 b   0      5     4         1     HB   13   14     1
0000 17 15 b   0      5     4         2     HB   16   14     1
#
0000 17 17 t   0      8     5         0     HO   4     4     4
0000 17 17 t   0      8     6         0     HO   3     4     4
0000 17 17 t   0      8     6         2     HO   2     4     4
0000 17 17 t   0      8     3         0     HO   1     4     4
0000 17 17 t   0      8     5         2     HO   4     3     4
0000 17 17 t   0      8     6         1     HO   3     3     4
0000 17 17 t   0      8     4         1     HO   2     3     4
0000 17 17 t   0      8     4         0     HO   1     3     4
#              0
0000 17 17 b   0      9     3         0     HO   4     6     4
0000 17 17 b   0      9     5         2     HO   3     6     4
0000 17 17 b   0      9     5         1     HO   2     6     4
0000 17 17 b   0      9     5         0     HO   1     6     4
0000 17 17 b   0      9     3         2     HO   4     5     4
0000 17 17 b   0      9     6         2     HO   3     5     4
0000 17 17 b   0      9     6         0     HO   2     5     4
0000 17 17 b   0      9     6         1     HO   1     5     4
