# i  cr sl tb dcc spigot fiber fiberchan subdet ieta iphi depth
0000 17 13 t   0      0     1         0     HF   31   1     1
0000 17 13 t   0      0     1         1     HF   31   3     1
0000 17 13 t   0      0     1         2     HF   31   5     1
0000 17 13 t   0      0     2         0     HF   31   7     1
0000 17 13 t   0      0     2         1     HF   31   9     1
0000 17 13 t   0      0     2         2     HF   31   11     1
0000 17 13 t   0      0     3         0     HF   31   13     1
0000 17 13 t   0      0     3         1     HF   31   15     1
0000 17 13 t   0      0     3         2     HF   31   17     1
0000 17 13 t   0      0     4         0     HF   31   19     1
0000 17 13 t   0      0     4         1     HF   31   21     1
0000 17 13 t   0      0     4         2     HF   31   23     1
0000 17 13 t   0      0     5         0     HF   31   25     1
0000 17 13 t   0      0     5         1     HF   31   27     1
0000 17 13 t   0      0     5         2     HF   31   29     1
0000 17 13 t   0      0     6         0     HF   31   31     1
0000 17 13 t   0      0     6         1     HF   31   33     1
0000 17 13 t   0      0     6         2     HF   31   35     1
0000 17 13 t   0      0     7         0     HF   31   37     1
0000 17 13 t   0      0     7         1     HF   31   39     1
0000 17 13 t   0      0     7         2     HF   31   41     1
0000 17 13 t   0      0     8         0     HF   31   43     1
0000 17 13 t   0      0     8         1     HF   31   45     1
0000 17 13 t   0      0     8         2     HF   31   47     1
#
0000 17 13 b   0      1     1         0     HF   33   1     1
0000 17 13 b   0      1     1         1     HF   33   3     1
0000 17 13 b   0      1     1         2     HF   33   5     1
# i  cr sl tb dcc spigot fiber fiberchan subdet ieta iphi depth
0000 17 14 t   0      2     1         0     HB   11   11     1
0000 17 14 t   0      2     1         1     HB   7    11     1
0000 17 14 t   0      2     1         2     HB   3    11     1
0000 17 14 t   0      2     2         0     HB   5    11     1
0000 17 14 t   0      2     2         1     HB   1    11     1
0000 17 14 t   0      2     2         2     HB   9    11     1
0000 17 14 t   0      2     3         0     HB   11   12     1
0000 17 14 t   0      2     3         1     HB   7    12     1
0000 17 14 t   0      2     3         2     HB   3    12     1
0000 17 14 t   0      2     4         0     HB   5    12     1
0000 17 14 t   0      2     4         1     HB   1    12     1
0000 17 14 t   0      2     4         2     HB   9    12     1
0000 17 14 t   0      2     5         0     HB   10   11     1
0000 17 14 t   0      2     5         1     HB   6    11     1
0000 17 14 t   0      2     5         2     HB   2    11     1
0000 17 14 t   0      2     6         0     HB   8    11     1
0000 17 14 t   0      2     6         1     HB   4    11     1
0000 17 14 t   0      2     6         2     HB   12   11     1
0000 17 14 t   0      2     7         0     HB   10   12     1
0000 17 14 t   0      2     7         1     HB   6    12     1
0000 17 14 t   0      2     7         2     HB   2    12     1
0000 17 14 t   0      2     8         0     HB   8    12     1
0000 17 14 t   0      2     8         1     HB   4    12     1
0000 17 14 t   0      2     8         2     HB   12   12     1
#
0000 17 15 t   0      4     1         0     HB   11   13     1
0000 17 15 t   0      4     1         1     HB   7    13     1
0000 17 15 t   0      4     1         2     HB   3    13     1
0000 17 15 t   0      4     2         0     HB   5    13     1
0000 17 15 t   0      4     2         1     HB   1    13     1
0000 17 15 t   0      4     2         2     HB   9    13     1
# 0000 17 15 t   0      4     3         0     HB   11   14     1
# 0000 17 15 t   0      4     3         1     HB   7    14     1
0000 17 15 t   0      4     3         2     HB   9    44     1 # 3    14     1
0000 17 15 t   0      4     4         0     HB   9    24     1 # 5    14     1
0000 17 15 t   0      4     4         1     HB   9    14     1 # 1    14     1
0000 17 15 t   0      4     4         2     HB   9    33     1 # 9    14     1
0000 17 15 t   0      4     5         0     HB   10   13     1
0000 17 15 t   0      4     5         1     HB   6    13     1
0000 17 15 t   0      4     5         2     HB   2    13     1
0000 17 15 t   0      4     6         0     HB   8    13     1
0000 17 15 t   0      4     6         1     HB   4    13     1
0000 17 15 t   0      4     6         2     HB   12   13     1
0000 17 15 t   0      4     7         0     HB   8    44     1 # 10   14     1
0000 17 15 t   0      4     7         1     HB   8    34     1 # 6    14     1
0000 17 15 t   0      4     7         2     HB   8    24     1 # 2    14     1
0000 17 15 t   0      4     8         0     HB   7    44     1 # 8    14     1
0000 17 15 t   0      4     8         1     HB   7    34     1 # 4    14     1
0000 17 15 t   0      4     8         2     HB   8    14     1 # 12   14     1
#
0000 17 16 t   0      6     1         0     HB   11   15     1
0000 17 16 t   0      6     1         1     HB   7    15     1
0000 17 16 t   0      6     1         2     HB   3    15     1
0000 17 16 t   0      6     2         0     HB   5    15     1
0000 17 16 t   0      6     2         1     HB   1    15     1
0000 17 16 t   0      6     2         2     HB   9    15     1
0000 17 16 t   0      6     3         0     HB   11   16     1
0000 17 16 t   0      6     3         1     HB   7    16     1
0000 17 16 t   0      6     3         2     HB   3    16     1
0000 17 16 t   0      6     4         0     HB   5    16     1
0000 17 16 t   0      6     4         1     HB   1    16     1
0000 17 16 t   0      6     4         2     HB   9    16     1
0000 17 16 t   0      6     5         0     HB   10   15     1
0000 17 16 t   0      6     5         1     HB   6    15     1
0000 17 16 t   0      6     5         2     HB   2    15     1
0000 17 16 t   0      6     6         0     HB   8    15     1
0000 17 16 t   0      6     6         1     HB   4    15     1
0000 17 16 t   0      6     6         2     HB   12   15     1
0000 17 16 t   0      6     7         0     HB   10   16     1
0000 17 16 t   0      6     7         1     HB   6    16     1
0000 17 16 t   0      6     7         2     HB   2    16     1
0000 17 16 t   0      6     8         0     HB   8    16     1
0000 17 16 t   0      6     8         1     HB   4    16     1
0000 17 16 t   0      6     8         2     HB   12   16     1
#
0000 17 14 b   0      3     1         0     HB   16   11     2
0000 17 14 b   0      3     1         1     HB   15   11     2
0000 17 14 b   0      3     1         2     HB   14   11     1
0000 17 14 b   0      3     2         0     HB   15   11     1
0000 17 14 b   0      3     2         1     HB   13   11     1
0000 17 14 b   0      3     2         2     HB   16   11     1
0000 17 14 b   0      3     3         0     HB   16   12     2
0000 17 14 b   0      3     3         1     HB   15   12     2
0000 17 14 b   0      3     3         2     HB   14   12     1
0000 17 14 b   0      3     4         0     HB   15   12     1
0000 17 14 b   0      3     4         1     HB   13   12     1
0000 17 14 b   0      3     4         2     HB   16   12     1
#
0000 17 15 b   0      5     1         0     HB   16   13     2
0000 17 15 b   0      5     1         1     HB   15   13     2
0000 17 15 b   0      5     1         2     HB   14   13     1
0000 17 15 b   0      5     2         0     HB   15   13     1
0000 17 15 b   0      5     2         1     HB   13   13     1
0000 17 15 b   0      5     2         2     HB   16   13     1
0000 17 15 b   0      5     3         0     HB   7    22     1 # 16   14     2
0000 17 15 b   0      5     3         1     HB   7    14     1 # 15   14     2
0000 17 15 b   0      5     3         2     HB   6    44     1 # 14   14     1
0000 17 15 b   0      5     4         0     HB   6    24     1 # 15   14     1
0000 17 15 b   0      5     4         1     HB   6    14     1 # 13   14     1
0000 17 15 b   0      5     4         2     HB   6    34     1 # 16   14     1
#
0000 17 16 b   0      7     1         0     HB   16   15     2
0000 17 16 b   0      7     1         1     HB   15   15     2
0000 17 16 b   0      7     1         2     HB   14   15     1
0000 17 16 b   0      7     2         0     HB   15   15     1
0000 17 16 b   0      7     2         1     HB   13   15     1
0000 17 16 b   0      7     2         2     HB   16   15     1
0000 17 16 b   0      7     3         0     HB   16   16     2
0000 17 16 b   0      7     3         1     HB   15   16     2
0000 17 16 b   0      7     3         2     HB   14   16     1
0000 17 16 b   0      7     4         0     HB   15   16     1
0000 17 16 b   0      7     4         1     HB   13   16     1
0000 17 16 b   0      7     4         2     HB   16   16     1
#
# HPD Config ONLY: Ring-0 phi=2, phi=3 is connected to RM1 
# i  cr sl tb dcc spigot fiber fiberchan subdet ieta iphi depth
#
0000 17 17 t   0      8     3         0     HO   1     4     4
0000 17 17 t   0      8     6         2     HO   2     4     4
0000 17 17 t   0      8     6         0     HO   3     4     4
0000 17 17 t   0      8     5         0     HO   4     4     4
0000 17 17 t   0      8     4         0     HO   1     3     4
0000 17 17 t   0      8     4         1     HO   2     3     4
0000 17 17 t   0      8     6         1     HO   3     3     4
0000 17 17 t   0      8     5         2     HO   4     3     4
#
# HPD Config ONLY: Ring-0 phi=3, phi=4 is connected to RM2
# i  cr sl tb dcc spigot fiber fiberchan subdet ieta iphi depth
#
0000 17 17 b   0      9     3         0     HO   1     6     4
0000 17 17 b   0      9     6         2     HO   2     6     4
0000 17 17 b   0      9     6         0     HO   3     6     4
0000 17 17 b   0      9     5         0     HO   4     6     4
0000 17 17 b   0      9     4         0     HO   1     5     4
0000 17 17 b   0      9     4         1     HO   2     5     4
0000 17 17 b   0      9     6         1     HO   3     5     4
0000 17 17 b   0      9     5         2     HO   4     5     4
#
# HPD Config. ONLY: Ring+1 phi=2,3,4 is connected to RM4 
# i  cr sl tb dcc spigot fiber fiberchan subdet ieta iphi depth
#
0000 17 18 b   0     11     5         0     HO   5     2     4
0000 17 18 b   0     11     6         2     HO   6     2     4
0000 17 18 b   0     11     3         0     HO   7     2     4
0000 17 18 b   0     11     4         2     HO   8     2     4
0000 17 18 b   0     11     1         0     HO   9     2     4
0000 17 18 b   0     11     2         2     HO  10     2     4
0000 17 18 b   0     11     5         1     HO   5     3     4
0000 17 18 b   0     11     6         0     HO   6     3     4
0000 17 18 b   0     11     3         1     HO   7     3     4
0000 17 18 b   0     11     4         0     HO   8     3     4
0000 17 18 b   0     11     1         1     HO   9     3     4
0000 17 18 b   0     11     2         0     HO  10     3     4
0000 17 18 b   0     11     5         2     HO   5     4     4
0000 17 18 b   0     11     6         1     HO   6     4     4
0000 17 18 b   0     11     3         2     HO   7     4     4
0000 17 18 b   0     11     4         1     HO   8     4     4
0000 17 18 b   0     11     1         2     HO   9     4     4
0000 17 18 b   0     11     2         1     HO  10     4     4
